	C0_1	C0_2	C63_1	C63_2
ASV_1	7376	6065	2612	499
ASV_2	3017	3218	242	147
ASV_3	15	26	2722	3950
ASV_4	219	156	3012	2539
ASV_5	1053	1056	915	631
ASV_6	1509	1495	292	201
ASV_7	4	7	76	704
ASV_8	665	856	3	0
ASV_9	1197	966	206	35
ASV_10	937	706	87	20
ASV_11	52	47	375	1051
ASV_12	861	644	135	38
ASV_13	800	670	130	15
ASV_14	390	386	93	45
ASV_15	0	0	354	196
ASV_16	595	473	91	35
ASV_17	389	442	112	83
ASV_18	328	371	235	410
ASV_19	0	3	636	156
ASV_20	70	56	329	734
ASV_21	11	7	405	812
ASV_22	352	339	178	139
ASV_23	478	438	31	43
ASV_24	0	0	71	110
ASV_25	8	8	690	756
ASV_26	442	354	39	13
ASV_27	0	0	154	40
ASV_28	0	1	102	185
ASV_29	10	9	308	533
ASV_30	1	5	165	300
ASV_31	0	0	6	23
ASV_32	317	236	22	4
ASV_33	192	233	1	0
ASV_34	209	182	49	38
ASV_35	0	0	198	67
ASV_36	7	5	40	106
ASV_37	18	28	663	82
ASV_38	2	2	36	78
ASV_39	149	168	37	15
ASV_40	181	168	115	53
ASV_41	2	7	175	289
ASV_42	1	0	9	9
ASV_43	62	39	107	112
ASV_44	75	60	28	42
ASV_45	49	68	82	146
ASV_46	27	23	4	7
ASV_47	138	174	0	0
ASV_48	3	1	136	194
ASV_49	11	15	331	160
ASV_50	68	45	251	106
ASV_51	97	107	1	0
ASV_52	148	133	3	3
ASV_53	0	1	0	0
ASV_54	4	9	277	171
ASV_55	123	107	20	7
ASV_56	188	150	0	0
ASV_57	200	172	11	0
ASV_58	90	122	0	4
ASV_59	22	20	23	36
ASV_60	0	0	151	53
ASV_61	94	89	0	0
ASV_62	153	141	3	0
ASV_63	5	4	290	139
ASV_64	2	2	7	5
ASV_65	0	0	8	9
ASV_66	52	55	88	76
ASV_67	73	97	0	0
ASV_68	0	1	108	159
ASV_69	0	0	20	13
ASV_70	0	1	83	36
ASV_71	95	81	9	36
ASV_72	2	0	3	0
ASV_73	98	95	25	12
ASV_74	116	98	29	0
ASV_75	0	0	31	13
ASV_76	12	10	29	127
ASV_77	43	26	89	89
ASV_78	0	0	58	55
ASV_79	0	0	110	163
ASV_80	125	98	5	0
ASV_81	2	3	66	119
ASV_82	0	1	42	10
ASV_83	0	0	6	1
ASV_84	87	91	2	2
ASV_85	30	19	42	106
ASV_86	1	1	204	93
ASV_87	5	4	87	127
ASV_88	31	45	21	19
ASV_89	101	85	0	0
ASV_90	33	54	56	37
ASV_91	80	75	9	2
ASV_92	57	46	88	4
ASV_93	99	72	15	3
ASV_94	83	81	16	3
ASV_95	90	68	5	1
ASV_96	74	47	14	8
ASV_97	48	50	0	0
ASV_98	34	38	23	10
ASV_99	0	0	5	4
ASV_100	1	4	43	130
ASV_101	26	23	43	58
ASV_102	0	1	22	59
ASV_103	67	72	8	7
ASV_104	42	65	11	36
ASV_105	71	58	6	3
ASV_106	19	11	6	28
ASV_107	9	6	65	88
ASV_108	40	37	15	16
ASV_109	30	36	36	20
ASV_110	7	8	43	106
ASV_111	59	47	16	5
ASV_112	0	0	37	42
ASV_113	1	1	11	34
ASV_114	14	27	38	38
ASV_115	41	56	10	4
ASV_116	0	0	76	71
ASV_117	1	1	85	17
ASV_118	0	0	1	5
ASV_119	0	1	40	29
ASV_120	58	74	3	4
ASV_121	11	11	114	28
ASV_122	60	49	6	3
ASV_123	0	1	42	156
ASV_124	0	0	39	21
ASV_125	81	49	4	1
ASV_126	47	74	0	0
ASV_127	33	27	4	7
ASV_128	61	58	21	6
ASV_129	0	0	35	40
ASV_130	12	20	5	10
ASV_131	31	42	8	3
ASV_132	23	36	27	15
ASV_133	3	0	32	66
ASV_134	10	20	26	13
ASV_135	27	37	18	34
ASV_136	8	6	9	25
ASV_137	1	6	67	52
ASV_138	34	47	0	1
ASV_139	23	26	1	1
ASV_140	46	49	4	0
ASV_141	35	38	0	1
ASV_142	0	1	101	23
ASV_143	55	32	6	1
ASV_144	40	34	27	6
ASV_145	1	3	1	1
ASV_146	18	11	21	16
ASV_147	2	14	26	80
ASV_148	42	20	1	0
ASV_149	30	39	0	0
ASV_150	23	34	15	22
ASV_151	15	17	3	7
ASV_152	5	6	12	51
ASV_153	13	10	51	38
ASV_154	0	0	4	1
ASV_155	0	2	46	55
ASV_156	0	1	28	51
ASV_157	32	20	14	20
ASV_158	30	46	3	2
ASV_159	24	54	3	6
ASV_160	0	0	2	0
ASV_161	41	36	7	1
ASV_162	43	32	0	0
ASV_163	23	15	1	0
ASV_164	0	0	1	0
ASV_165	31	34	1	0
ASV_166	0	0	19	94
ASV_167	37	27	15	1
ASV_168	24	17	1	0
ASV_169	2	0	51	23
ASV_170	3	0	14	29
ASV_171	0	0	15	3
ASV_172	25	27	3	0
ASV_173	21	10	13	4
ASV_174	39	23	11	4
ASV_175	25	21	9	3
ASV_176	1	0	1	2
ASV_177	21	17	7	11
ASV_179	27	21	8	3
ASV_180	0	0	72	17
ASV_181	30	28	0	0
ASV_182	44	28	0	1
ASV_183	30	23	16	4
ASV_184	21	38	0	1
ASV_185	0	1	32	59
ASV_186	0	1	7	7
ASV_187	18	26	6	10
ASV_188	5	9	27	7
ASV_189	2	4	12	29
ASV_190	2	0	5	16
ASV_191	0	0	3	0
ASV_192	28	17	2	2
ASV_193	3	1	24	52
ASV_194	0	0	33	43
ASV_195	0	0	1	2
ASV_196	24	18	0	0
ASV_197	0	0	27	21
ASV_198	0	0	10	20
ASV_199	5	4	2	20
ASV_200	0	0	54	4
ASV_201	30	16	1	0
ASV_202	0	1	5	4
ASV_203	20	23	1	5
ASV_204	18	22	5	4
ASV_205	0	3	0	0
ASV_206	0	0	8	24
ASV_207	23	18	0	0
ASV_208	16	20	7	4
ASV_209	18	12	1	4
ASV_210	16	18	41	3
ASV_211	0	0	40	27
ASV_212	0	0	8	56
ASV_213	0	0	7	2
ASV_214	0	0	2	0
ASV_215	13	7	27	13
ASV_216	30	17	3	0
ASV_217	29	22	1	2
ASV_218	21	29	1	0
ASV_219	31	30	5	0
ASV_220	23	29	3	1
ASV_221	2	4	25	35
ASV_222	0	0	17	64
ASV_223	0	0	7	8
ASV_224	0	1	4	31
ASV_225	13	26	6	3
ASV_226	0	0	4	4
ASV_227	24	9	1	9
ASV_228	2	2	12	16
ASV_229	46	12	5	1
ASV_230	12	15	10	20
ASV_231	0	1	23	33
ASV_232	30	20	2	0
ASV_233	2	2	50	26
ASV_234	0	0	17	21
ASV_235	16	17	10	9
ASV_236	13	7	23	5
ASV_237	5	3	37	16
ASV_238	0	1	7	14
ASV_239	24	24	6	2
ASV_240	19	15	6	6
ASV_241	1	0	0	0
ASV_242	25	26	7	0
ASV_243	12	20	0	0
ASV_244	10	9	11	7
ASV_245	18	9	4	8
ASV_246	11	14	4	0
ASV_247	19	15	1	10
ASV_248	9	8	9	2
ASV_249	0	2	12	17
ASV_250	0	0	52	19
ASV_251	0	0	2	7
ASV_252	19	20	0	5
ASV_253	1	0	0	1
ASV_254	0	0	3	2
ASV_255	13	15	29	0
ASV_256	13	11	11	16
ASV_257	0	0	36	21
ASV_258	5	13	8	1
ASV_259	0	0	2	3
ASV_260	20	17	7	2
ASV_261	14	12	22	5
ASV_262	5	0	8	1
ASV_263	1	0	2	2
ASV_264	0	0	1	5
ASV_265	27	16	0	0
ASV_266	22	10	4	0
ASV_267	12	15	5	3
ASV_268	0	1	28	32
ASV_269	0	0	22	19
ASV_270	1	0	23	20
ASV_271	2	3	21	25
ASV_272	0	0	3	62
ASV_274	9	17	5	2
ASV_275	0	0	1	1
ASV_276	18	15	0	0
ASV_277	8	7	14	12
ASV_278	3	0	0	6
ASV_279	2	0	0	13
ASV_280	42	4	3	2
ASV_281	10	18	6	8
ASV_282	17	16	2	1
ASV_283	15	10	0	0
ASV_284	12	5	28	4
ASV_285	0	0	23	5
ASV_286	16	12	1	1
ASV_287	4	8	12	7
ASV_288	7	3	20	14
ASV_289	3	2	53	1
ASV_290	1	0	4	0
ASV_291	0	0	4	10
ASV_292	0	0	2	11
ASV_294	13	18	5	1
ASV_295	0	0	22	5
ASV_297	15	12	0	2
ASV_298	18	6	2	0
ASV_299	1	1	4	14
ASV_300	17	22	0	0
ASV_301	0	0	24	16
ASV_302	0	0	3	15
ASV_304	0	0	10	10
ASV_305	1	3	0	2
ASV_306	18	10	4	0
ASV_307	0	0	2	7
ASV_309	16	6	0	0
ASV_310	7	8	7	6
ASV_311	16	18	0	0
ASV_312	0	1	31	6
ASV_313	0	0	10	23
ASV_314	0	0	0	1
ASV_315	11	20	0	0
ASV_316	8	5	34	0
ASV_317	1	0	0	1
ASV_318	18	11	3	0
ASV_319	3	1	40	0
ASV_320	0	2	2	1
ASV_321	0	0	5	0
ASV_322	0	1	5	23
ASV_323	0	0	17	29
ASV_324	0	0	4	10
ASV_325	0	0	1	1
ASV_326	13	11	0	1
ASV_327	11	11	1	0
ASV_328	4	8	15	11
ASV_329	12	14	0	1
ASV_330	10	5	0	1
ASV_331	8	11	8	2
ASV_332	5	5	8	4
ASV_333	2	1	5	18
ASV_334	0	0	15	5
ASV_335	0	0	1	0
ASV_336	15	7	2	0
ASV_337	5	11	10	4
ASV_338	1	3	0	9
ASV_339	20	10	0	1
ASV_340	18	14	0	2
ASV_341	12	15	2	1
ASV_342	8	4	9	4
ASV_343	0	0	17	17
ASV_344	18	10	1	0
ASV_345	16	7	0	3
ASV_346	11	7	2	0
ASV_347	10	10	2	0
ASV_348	1	1	14	2
ASV_349	1	0	4	19
ASV_350	0	0	20	19
ASV_351	12	9	0	6
ASV_352	4	1	1	5
ASV_353	1	0	15	17
ASV_354	1	10	9	10
ASV_355	0	0	8	8
ASV_356	0	0	4	2
ASV_357	1	0	12	12
ASV_358	0	1	2	1
ASV_359	0	0	10	21
ASV_360	0	0	3	4
ASV_361	0	0	0	2
ASV_363	16	14	1	0
ASV_364	9	9	1	2
ASV_365	8	5	2	1
ASV_366	1	1	8	12
ASV_367	0	4	12	11
ASV_368	0	0	8	12
ASV_369	0	0	3	19
ASV_370	19	9	0	0
ASV_371	16	12	0	0
ASV_372	8	8	3	4
ASV_373	8	10	0	1
ASV_374	1	1	13	21
ASV_375	0	0	38	0
ASV_376	0	0	29	7
ASV_377	0	0	0	2
ASV_379	8	12	2	3
ASV_380	6	5	12	2
ASV_381	4	10	2	0
ASV_382	0	0	6	4
ASV_384	7	7	3	0
ASV_385	6	10	2	2
ASV_386	1	1	11	15
ASV_387	0	2	9	20
ASV_388	0	1	7	4
ASV_389	0	0	6	0
ASV_390	0	0	5	7
ASV_391	0	0	0	1
ASV_392	0	0	0	1
ASV_393	9	12	1	0
ASV_394	6	7	6	4
ASV_395	3	1	5	7
ASV_396	0	0	10	15
ASV_397	13	10	1	0
ASV_398	12	11	0	0
ASV_399	9	4	1	2
ASV_400	9	5	3	0
ASV_401	7	11	0	1
ASV_402	1	3	14	8
ASV_403	0	0	3	8
ASV_405	8	10	3	2
ASV_406	8	2	1	0
ASV_407	7	14	0	0
ASV_408	6	11	10	1
ASV_409	1	1	0	1
ASV_410	0	0	31	3
ASV_411	12	7	1	0
ASV_412	11	5	7	4
ASV_413	0	0	24	1
ASV_414	0	0	6	0
ASV_415	0	0	0	15
ASV_416	10	7	1	1
ASV_417	9	4	5	0
ASV_418	8	9	0	0
ASV_419	4	10	4	3
ASV_420	1	7	17	3
ASV_421	0	0	2	1
ASV_422	0	0	0	6
ASV_423	7	12	0	0
ASV_424	7	12	0	0
ASV_425	7	10	0	0
ASV_426	3	8	10	6
ASV_427	0	0	21	4
ASV_428	0	0	10	11
ASV_429	0	0	7	3
ASV_430	9	7	2	0
ASV_431	2	1	16	4
ASV_432	2	3	3	9
ASV_433	0	2	9	7
ASV_434	0	0	11	10
ASV_435	0	0	9	4
ASV_436	0	0	5	8
ASV_437	0	0	3	4
ASV_438	0	0	2	10
ASV_439	0	0	0	1
ASV_440	6	2	2	4
ASV_441	3	4	6	8
ASV_442	2	2	2	14
ASV_443	2	6	8	5
ASV_444	1	0	10	5
ASV_445	0	0	16	10
ASV_446	0	0	8	8
ASV_447	0	0	4	4
ASV_448	0	0	0	1
ASV_450	6	10	1	0
ASV_451	4	1	0	0
ASV_452	1	1	10	5
ASV_453	0	1	2	1
ASV_454	0	0	15	7
ASV_455	0	0	6	1
ASV_456	0	0	4	8
ASV_458	9	9	2	0
ASV_459	7	6	3	0
ASV_460	6	3	4	6
ASV_461	1	0	0	5
ASV_462	0	1	1	6
ASV_463	0	0	14	7
ASV_464	0	0	6	19
ASV_465	0	0	1	3
ASV_466	4	7	2	1
ASV_467	2	0	4	9
ASV_468	0	0	10	11
ASV_469	0	0	8	4
ASV_470	0	0	8	8
ASV_471	0	0	5	19
ASV_472	0	0	3	2
ASV_473	0	0	2	2
ASV_474	0	0	0	3
ASV_476	4	1	3	5
ASV_477	0	1	0	1
ASV_478	0	0	2	1
ASV_479	0	0	2	6
ASV_480	7	5	6	0
ASV_481	6	8	0	1
ASV_482	1	0	1	0
ASV_483	0	1	5	6
ASV_484	0	1	9	10
ASV_485	0	0	7	11
ASV_486	0	0	3	1
ASV_487	0	0	3	3
ASV_488	0	0	1	9
ASV_491	13	5	0	0
ASV_492	3	8	0	0
ASV_493	3	0	6	9
ASV_494	1	0	4	2
ASV_495	0	1	4	15
ASV_496	0	1	0	0
ASV_497	0	0	20	3
ASV_498	0	0	14	5
ASV_499	0	0	6	11
ASV_500	0	0	6	5
ASV_501	0	0	2	5
ASV_504	3	2	7	2
ASV_505	2	3	1	0
ASV_506	1	0	8	7
ASV_507	0	0	1	0
ASV_508	7	5	0	1
ASV_509	6	4	0	0
ASV_510	2	1	6	5
ASV_511	1	2	1	4
ASV_512	1	0	12	8
ASV_513	1	2	9	6
ASV_514	0	1	1	1
ASV_515	0	1	16	0
ASV_516	0	0	13	5
ASV_517	0	0	10	10
ASV_518	0	0	9	4
ASV_519	0	0	6	6
ASV_520	0	0	3	3
ASV_525	11	3	0	1
ASV_526	7	1	4	2
ASV_527	6	5	0	0
ASV_528	6	13	0	0
ASV_529	5	6	0	0
ASV_530	4	1	9	3
ASV_531	4	4	2	0
ASV_532	3	5	0	0
ASV_533	2	4	8	1
ASV_534	1	7	5	1
ASV_535	1	4	7	4
ASV_536	0	1	4	7
ASV_537	0	0	11	5
ASV_538	0	0	11	1
ASV_539	0	0	10	6
ASV_540	0	0	5	4
ASV_541	0	0	1	6
ASV_545	10	6	0	0
ASV_546	5	4	0	1
ASV_547	3	0	12	3
ASV_548	1	0	1	4
ASV_549	1	0	8	3
ASV_550	1	4	2	0
ASV_551	0	4	3	4
ASV_552	0	1	2	5
ASV_553	0	1	0	0
ASV_554	0	0	8	1
ASV_555	0	0	4	3
ASV_556	0	0	3	4
ASV_557	0	0	1	2
ASV_558	0	0	1	3
ASV_559	0	0	1	13
ASV_560	0	0	0	7
ASV_562	8	6	0	0
ASV_563	3	6	2	0
ASV_564	2	1	8	4
ASV_565	0	0	15	3
ASV_566	0	0	14	2
ASV_567	0	0	10	0
ASV_568	0	0	7	2
ASV_569	0	0	5	5
ASV_570	0	0	3	3
ASV_571	0	0	2	1
ASV_572	6	1	1	0
ASV_573	5	4	0	0
ASV_574	5	1	0	0
ASV_575	3	0	1	0
ASV_576	2	2	6	1
ASV_577	1	1	0	0
ASV_578	1	1	0	0
ASV_579	1	0	0	0
ASV_580	1	1	4	8
ASV_581	0	1	2	3
ASV_582	0	0	7	7
ASV_583	0	0	6	4
ASV_584	0	0	5	2
ASV_585	0	0	4	3
ASV_586	0	0	3	3
ASV_589	9	3	0	0
ASV_590	8	1	0	0
ASV_591	6	4	0	0
ASV_592	4	6	0	1
ASV_593	3	0	3	5
ASV_594	2	6	4	2
ASV_595	1	4	0	0
ASV_596	1	1	3	2
ASV_597	0	2	3	1
ASV_598	0	1	6	0
ASV_599	0	1	0	2
ASV_600	0	0	9	4
ASV_601	0	0	9	1
ASV_602	0	0	8	8
ASV_603	0	0	2	5
ASV_604	0	0	1	1
ASV_605	0	0	0	9
ASV_607	4	3	2	1
ASV_608	4	2	1	0
ASV_609	4	1	0	1
ASV_610	4	1	5	0
ASV_611	4	5	0	0
ASV_612	3	2	2	2
ASV_613	2	0	7	3
ASV_614	2	0	5	4
ASV_615	1	2	0	0
ASV_616	0	5	2	0
ASV_617	0	2	2	2
ASV_618	0	0	10	4
ASV_619	0	0	9	2
ASV_623	6	2	2	0
ASV_624	4	2	3	0
ASV_625	4	2	3	0
ASV_626	4	7	0	0
ASV_627	3	1	2	1
ASV_628	3	2	2	1
ASV_629	3	2	2	0
ASV_630	1	3	3	1
ASV_631	0	0	9	0
ASV_632	0	0	8	1
ASV_633	0	0	6	5
ASV_634	0	0	6	6
ASV_635	0	0	4	3
ASV_636	0	0	4	3
ASV_637	0	0	2	5
ASV_638	0	0	1	0
ASV_640	4	5	0	0
ASV_641	2	2	3	0
ASV_642	1	0	3	6
ASV_643	1	0	3	6
ASV_644	1	3	4	1
ASV_645	1	2	0	0
ASV_646	0	1	0	0
ASV_647	0	0	8	0
ASV_648	0	0	7	3
ASV_649	0	0	5	3
ASV_650	0	0	4	4
ASV_651	0	0	2	1
ASV_652	0	0	2	6
ASV_653	0	0	1	4
ASV_654	0	0	1	10
ASV_655	0	0	1	0
ASV_656	0	0	1	1
ASV_657	0	0	1	1
ASV_658	0	0	1	4
ASV_659	0	0	0	1
ASV_660	0	0	0	1
ASV_663	6	1	0	0
ASV_664	3	1	1	0
ASV_665	1	4	1	1
ASV_666	0	0	10	1
ASV_667	0	0	6	3
ASV_668	0	0	6	4
ASV_669	0	0	5	2
ASV_670	0	0	5	2
ASV_671	0	0	3	3
ASV_672	0	0	2	4
ASV_673	0	0	2	7
ASV_674	0	0	1	5
ASV_675	0	0	1	4
ASV_676	0	0	1	4
ASV_677	0	0	0	1
ASV_678	3	1	0	0
ASV_679	3	3	0	0
ASV_680	3	1	0	2
ASV_681	2	0	0	6
ASV_682	2	3	2	2
ASV_683	2	2	2	3
ASV_684	1	0	6	3
ASV_685	1	1	5	1
ASV_686	1	0	2	0
ASV_687	0	4	0	2
ASV_688	0	2	3	6
ASV_689	0	0	10	1
ASV_690	0	0	7	2
ASV_691	0	0	7	1
ASV_692	0	0	7	0
ASV_693	0	0	4	1
ASV_694	0	0	4	0
ASV_695	0	0	3	6
ASV_696	0	0	3	4
ASV_697	0	0	3	0
ASV_698	0	0	2	3
ASV_699	0	0	1	0
ASV_700	0	0	1	6
ASV_701	0	0	1	1
ASV_702	0	0	0	2
ASV_707	8	0	0	2
ASV_708	3	4	0	0
ASV_709	3	4	0	0
ASV_710	3	1	2	1
ASV_711	2	1	2	0
ASV_712	2	1	3	2
ASV_713	2	4	1	1
ASV_714	2	2	4	0
ASV_715	2	3	2	0
ASV_716	1	1	0	1
ASV_717	1	1	1	1
ASV_718	0	4	1	1
ASV_719	0	3	0	0
ASV_720	0	2	5	1
ASV_721	0	1	1	2
ASV_722	0	0	5	1
ASV_723	0	0	5	3
ASV_724	0	0	4	6
ASV_725	0	0	3	2
ASV_726	0	0	3	4
ASV_727	0	0	2	8
ASV_728	0	0	2	1
ASV_729	0	0	2	1
ASV_730	0	0	1	0
ASV_731	0	0	1	0
ASV_732	0	0	0	1
ASV_736	5	2	0	0
ASV_737	4	1	0	1
ASV_738	4	3	0	0
ASV_739	4	1	0	0
ASV_740	3	3	0	0
ASV_741	3	2	0	0
ASV_742	3	2	0	0
ASV_743	2	2	1	0
ASV_744	2	1	2	3
ASV_745	2	0	1	0
ASV_746	1	0	6	2
ASV_747	1	0	2	1
ASV_748	1	1	2	2
ASV_749	1	2	0	1
ASV_750	1	0	4	2
ASV_751	1	2	0	1
ASV_752	1	0	0	1
ASV_753	0	6	0	0
ASV_754	0	5	0	0
ASV_755	0	1	1	6
ASV_756	0	1	4	1
ASV_757	0	0	9	0
ASV_758	0	0	7	0
ASV_759	0	0	5	4
ASV_760	0	0	3	0
ASV_761	0	0	2	4
ASV_762	0	0	2	6
ASV_763	0	0	1	0
ASV_764	0	0	1	0
ASV_765	0	0	1	1
ASV_766	0	0	0	6
ASV_767	0	0	0	1
ASV_770	8	0	0	0
ASV_771	2	2	0	0
ASV_772	2	2	0	0
ASV_773	2	1	0	1
ASV_774	2	2	0	0
ASV_775	2	0	0	0
ASV_776	2	3	0	0
ASV_777	1	0	1	1
ASV_778	1	0	0	2
ASV_779	1	0	2	1
ASV_780	1	0	1	0
ASV_781	1	0	1	0
ASV_782	1	6	0	0
ASV_783	0	5	0	3
ASV_784	0	3	2	0
ASV_785	0	1	4	3
ASV_786	0	1	0	1
ASV_787	0	1	1	0
ASV_788	0	1	0	0
ASV_789	0	1	0	1
ASV_790	0	0	6	1
ASV_791	0	0	6	2
ASV_792	0	0	5	1
ASV_793	0	0	5	3
ASV_794	0	0	5	3
ASV_795	0	0	4	1
ASV_796	0	0	4	0
ASV_797	0	0	3	0
ASV_798	0	0	3	1
ASV_799	0	0	2	0
ASV_800	0	0	1	5
ASV_801	0	0	0	4
ASV_802	0	0	0	1
ASV_809	4	1	0	0
ASV_810	3	3	0	0
ASV_811	3	1	0	0
ASV_812	2	0	1	1
ASV_813	1	0	1	0
ASV_814	1	0	3	3
ASV_815	1	0	1	0
ASV_816	1	1	1	1
ASV_817	1	3	1	0
ASV_818	1	0	5	0
ASV_819	1	1	0	0
ASV_820	1	1	0	1
ASV_821	1	1	0	0
ASV_822	1	0	3	0
ASV_823	1	1	2	1
ASV_824	0	5	1	0
ASV_825	0	3	2	1
ASV_826	0	2	3	2
ASV_827	0	2	0	2
ASV_828	0	1	0	0
ASV_829	0	1	4	1
ASV_830	0	0	5	0
ASV_831	0	0	4	2
ASV_832	0	0	4	2
ASV_833	0	0	1	1
ASV_834	0	0	1	1
ASV_835	0	0	0	5
ASV_841	4	1	0	0
ASV_842	4	0	0	2
ASV_843	3	1	0	0
ASV_844	3	0	1	0
ASV_845	2	2	1	0
ASV_846	2	0	4	0
ASV_847	1	1	2	0
ASV_848	1	0	0	0
ASV_849	1	0	0	1
ASV_850	1	0	2	3
ASV_851	1	2	0	0
ASV_852	0	4	0	0
ASV_853	0	3	0	0
ASV_854	0	2	0	1
ASV_855	0	2	2	1
ASV_856	0	0	6	0
ASV_857	0	0	4	0
ASV_858	0	0	4	0
ASV_859	0	0	3	3
ASV_860	0	0	3	3
ASV_861	0	0	2	2
ASV_862	0	0	2	0
ASV_863	0	0	2	2
ASV_864	0	0	1	3
ASV_865	0	0	1	1
ASV_866	0	0	1	1
ASV_867	0	0	0	3
ASV_868	0	0	0	3
ASV_869	0	0	0	2
ASV_878	5	0	0	0
ASV_879	3	2	0	0
ASV_880	3	1	0	0
ASV_881	2	0	1	0
ASV_882	2	3	0	0
ASV_883	1	1	0	1
ASV_884	1	0	0	0
ASV_885	1	1	1	0
ASV_886	1	0	1	1
ASV_887	1	1	1	0
ASV_888	1	3	0	0
ASV_889	1	1	0	0
ASV_890	1	0	1	0
ASV_891	1	1	2	1
ASV_892	1	1	0	0
ASV_893	1	0	3	0
ASV_894	1	0	0	0
ASV_895	1	1	0	0
ASV_896	0	5	0	0
ASV_897	0	5	0	0
ASV_898	0	2	1	2
ASV_899	0	2	0	0
ASV_900	0	1	0	0
ASV_901	0	1	1	0
ASV_902	0	1	0	0
ASV_903	0	1	3	0
ASV_904	0	1	0	1
ASV_905	0	0	5	0
ASV_906	0	0	4	0
ASV_907	0	0	4	0
ASV_908	0	0	4	0
ASV_909	0	0	4	0
ASV_910	0	0	3	0
ASV_911	0	0	3	1
ASV_912	0	0	3	0
ASV_913	0	0	2	0
ASV_914	0	0	2	1
ASV_915	0	0	2	1
ASV_916	0	0	2	1
ASV_917	0	0	2	1
ASV_918	0	0	1	1
ASV_919	0	0	1	2
ASV_920	0	0	1	4
ASV_921	0	0	1	0
ASV_922	0	0	1	3
ASV_923	0	0	1	3
ASV_924	0	0	0	4
ASV_925	0	0	0	1
ASV_926	0	0	0	1
ASV_927	0	0	0	1
ASV_945	4	0	0	0
ASV_946	3	1	0	0
ASV_947	3	0	0	0
ASV_948	3	1	0	0
ASV_949	3	1	0	0
ASV_950	2	0	0	0
ASV_951	2	1	0	0
ASV_952	2	0	0	0
ASV_953	2	2	0	0
ASV_954	2	0	0	0
ASV_955	2	0	0	0
ASV_956	1	0	1	0
ASV_957	1	3	0	0
ASV_958	1	0	0	0
ASV_959	1	1	1	0
ASV_960	1	0	1	0
ASV_961	1	0	0	0
ASV_962	1	0	3	0
ASV_963	1	1	0	0
ASV_964	1	0	0	0
ASV_965	1	3	0	0
ASV_966	1	0	0	0
ASV_967	1	0	0	0
ASV_968	0	4	0	0
ASV_969	0	4	0	0
ASV_970	0	4	0	0
ASV_971	0	4	0	0
ASV_972	0	2	0	0
ASV_973	0	2	0	0
ASV_974	0	2	0	0
ASV_975	0	1	0	0
ASV_976	0	1	0	0
ASV_977	0	1	1	0
ASV_978	0	1	1	0
ASV_979	0	1	2	0
ASV_980	0	1	0	2
ASV_981	0	1	1	0
ASV_982	0	1	0	0
ASV_983	0	1	0	0
ASV_984	0	1	0	0
ASV_985	0	1	3	0
ASV_986	0	0	4	0
ASV_987	0	0	4	0
ASV_988	0	0	4	0
ASV_989	0	0	4	0
ASV_990	0	0	4	0
ASV_991	0	0	3	1
ASV_992	0	0	3	1
ASV_993	0	0	3	0
ASV_994	0	0	3	1
ASV_995	0	0	2	2
ASV_996	0	0	2	0
ASV_997	0	0	2	0
ASV_998	0	0	2	0
ASV_999	0	0	1	2
ASV_1000	0	0	1	0
ASV_1001	0	0	1	0
ASV_1002	0	0	1	0
ASV_1003	0	0	1	1
ASV_1004	0	0	1	1
ASV_1005	0	0	1	0
ASV_1006	0	0	1	1
ASV_1007	0	0	1	0
ASV_1008	0	0	1	1
ASV_1009	0	0	1	1
ASV_1010	0	0	1	3
ASV_1011	0	0	0	4
ASV_1012	0	0	0	4
ASV_1013	0	0	0	4
ASV_1014	0	0	0	3
ASV_1015	0	0	0	3
ASV_1016	0	0	0	2
ASV_1017	0	0	0	2
ASV_1018	0	0	0	1
ASV_1019	0	0	0	1
ASV_1020	0	0	0	1
ASV_1054	3	0	0	0
ASV_1055	3	0	0	0
ASV_1056	3	0	0	0
ASV_1057	3	0	0	0
ASV_1058	3	0	0	0
ASV_1059	3	0	0	0
ASV_1060	3	0	0	0
ASV_1061	2	0	0	0
ASV_1062	2	1	0	0
ASV_1063	2	0	0	0
ASV_1064	2	0	0	0
ASV_1065	2	0	0	0
ASV_1066	2	1	0	0
ASV_1067	1	2	0	0
ASV_1068	1	0	0	0
ASV_1069	1	2	0	0
ASV_1070	1	1	0	0
ASV_1071	1	2	0	0
ASV_1072	1	0	1	0
ASV_1073	1	2	0	0
ASV_1074	1	0	0	0
ASV_1075	1	0	0	0
ASV_1076	0	3	0	0
ASV_1077	0	3	0	0
ASV_1078	0	3	0	0
ASV_1079	0	3	0	0
ASV_1080	0	3	0	0
ASV_1081	0	3	0	0
ASV_1082	0	3	0	0
ASV_1083	0	3	0	0
ASV_1084	0	3	0	0
ASV_1085	0	3	0	0
ASV_1086	0	3	0	0
ASV_1087	0	3	0	0
ASV_1088	0	3	0	0
ASV_1089	0	2	0	0
ASV_1090	0	2	0	0
ASV_1091	0	1	0	2
ASV_1092	0	1	0	2
ASV_1093	0	1	1	0
ASV_1094	0	1	0	1
ASV_1095	0	1	0	0
ASV_1096	0	1	1	1
ASV_1097	0	1	1	0
ASV_1098	0	1	0	0
ASV_1099	0	1	0	0
ASV_1100	0	1	2	0
ASV_1101	0	0	3	0
ASV_1102	0	0	3	0
ASV_1103	0	0	3	0
ASV_1104	0	0	3	0
ASV_1105	0	0	3	0
ASV_1106	0	0	3	0
ASV_1107	0	0	3	0
ASV_1108	0	0	3	0
ASV_1109	0	0	3	0
ASV_1110	0	0	3	0
ASV_1111	0	0	3	0
ASV_1112	0	0	3	0
ASV_1113	0	0	3	0
ASV_1114	0	0	3	0
ASV_1115	0	0	3	0
ASV_1116	0	0	3	0
ASV_1117	0	0	3	0
ASV_1118	0	0	3	0
ASV_1119	0	0	3	0
ASV_1120	0	0	3	0
ASV_1121	0	0	3	0
ASV_1122	0	0	3	0
ASV_1123	0	0	3	0
ASV_1124	0	0	3	0
ASV_1125	0	0	3	0
ASV_1126	0	0	2	0
ASV_1127	0	0	2	0
ASV_1128	0	0	2	0
ASV_1129	0	0	2	1
ASV_1130	0	0	2	1
ASV_1131	0	0	2	1
ASV_1132	0	0	2	1
ASV_1133	0	0	1	2
ASV_1134	0	0	1	0
ASV_1135	0	0	1	0
ASV_1136	0	0	1	1
ASV_1137	0	0	1	0
ASV_1138	0	0	1	0
ASV_1139	0	0	1	1
ASV_1140	0	0	1	1
ASV_1141	0	0	1	0
ASV_1142	0	0	1	2
ASV_1143	0	0	1	0
ASV_1144	0	0	1	0
ASV_1145	0	0	1	0
ASV_1146	0	0	1	0
ASV_1147	0	0	1	2
ASV_1148	0	0	1	0
ASV_1149	0	0	0	3
ASV_1150	0	0	0	3
ASV_1151	0	0	0	3
ASV_1152	0	0	0	3
ASV_1153	0	0	0	3
ASV_1154	0	0	0	3
ASV_1155	0	0	0	3
ASV_1156	0	0	0	3
ASV_1157	0	0	0	3
ASV_1158	0	0	0	3
ASV_1159	0	0	0	3
ASV_1160	0	0	0	3
ASV_1161	0	0	0	3
ASV_1162	0	0	0	3
ASV_1163	0	0	0	2
ASV_1164	0	0	0	2
ASV_1165	0	0	0	2
ASV_1166	0	0	0	1
ASV_1167	0	0	0	1
ASV_1168	0	0	0	1
ASV_1169	0	0	0	1
ASV_1170	0	0	0	1
ASV_1171	0	0	0	1
ASV_1299	2	0	0	0
ASV_1300	2	0	0	0
ASV_1301	2	0	0	0
ASV_1302	2	0	0	0
ASV_1303	2	0	0	0
ASV_1304	2	0	0	0
ASV_1305	2	0	0	0
ASV_1306	2	0	0	0
ASV_1307	2	0	0	0
ASV_1308	2	0	0	0
ASV_1309	2	0	0	0
ASV_1310	2	0	0	0
ASV_1311	2	0	0	0
ASV_1312	2	0	0	0
ASV_1313	2	0	0	0
ASV_1314	2	0	0	0
ASV_1315	2	0	0	0
ASV_1316	2	0	0	0
ASV_1317	2	0	0	0
ASV_1318	2	0	0	0
ASV_1319	2	0	0	0
ASV_1320	2	0	0	0
ASV_1321	2	0	0	0
ASV_1322	2	0	0	0
ASV_1323	2	0	0	0
ASV_1324	2	0	0	0
ASV_1325	2	0	0	0
ASV_1326	2	0	0	0
ASV_1327	2	0	0	0
ASV_1328	2	0	0	0
ASV_1329	2	0	0	0
ASV_1330	2	0	0	0
ASV_1331	2	0	0	0
ASV_1332	2	0	0	0
ASV_1333	2	0	0	0
ASV_1334	2	0	0	0
ASV_1335	2	0	0	0
ASV_1336	2	0	0	0
ASV_1337	2	0	0	0
ASV_1338	2	0	0	0
ASV_1339	2	0	0	0
ASV_1340	2	0	0	0
ASV_1341	2	0	0	0
ASV_1342	2	0	0	0
ASV_1343	2	0	0	0
ASV_1344	2	0	0	0
ASV_1345	2	0	0	0
ASV_1346	2	0	0	0
ASV_1347	2	0	0	0
ASV_1348	2	0	0	0
ASV_1349	2	0	0	0
ASV_1350	2	0	0	0
ASV_1351	2	0	0	0
ASV_1352	2	0	0	0
ASV_1353	2	0	0	0
ASV_1354	2	0	0	0
ASV_1355	2	0	0	0
ASV_1356	2	0	0	0
ASV_1357	1	0	0	1
ASV_1358	1	0	0	0
ASV_1359	1	0	0	1
ASV_1360	1	0	0	0
ASV_1361	1	1	0	0
ASV_1362	1	0	0	0
ASV_1363	1	1	0	0
ASV_1364	1	0	0	0
ASV_1365	1	0	0	0
ASV_1366	1	0	1	0
ASV_1367	1	1	0	0
ASV_1368	1	1	0	0
ASV_1369	1	0	0	0
ASV_1370	1	0	0	0
ASV_1371	0	2	0	0
ASV_1372	0	2	0	0
ASV_1373	0	2	0	0
ASV_1374	0	2	0	0
ASV_1375	0	2	0	0
ASV_1376	0	2	0	0
ASV_1377	0	2	0	0
ASV_1378	0	2	0	0
ASV_1379	0	2	0	0
ASV_1380	0	2	0	0
ASV_1381	0	2	0	0
ASV_1382	0	2	0	0
ASV_1383	0	2	0	0
ASV_1384	0	2	0	0
ASV_1385	0	2	0	0
ASV_1386	0	2	0	0
ASV_1387	0	2	0	0
ASV_1388	0	2	0	0
ASV_1389	0	2	0	0
ASV_1390	0	2	0	0
ASV_1391	0	2	0	0
ASV_1392	0	2	0	0
ASV_1393	0	2	0	0
ASV_1394	0	2	0	0
ASV_1395	0	2	0	0
ASV_1396	0	2	0	0
ASV_1397	0	2	0	0
ASV_1398	0	2	0	0
ASV_1399	0	2	0	0
ASV_1400	0	2	0	0
ASV_1401	0	2	0	0
ASV_1402	0	2	0	0
ASV_1403	0	2	0	0
ASV_1404	0	2	0	0
ASV_1405	0	2	0	0
ASV_1406	0	2	0	0
ASV_1407	0	2	0	0
ASV_1408	0	2	0	0
ASV_1409	0	2	0	0
ASV_1410	0	2	0	0
ASV_1411	0	2	0	0
ASV_1412	0	2	0	0
ASV_1413	0	2	0	0
ASV_1414	0	2	0	0
ASV_1415	0	2	0	0
ASV_1416	0	2	0	0
ASV_1417	0	2	0	0
ASV_1418	0	2	0	0
ASV_1419	0	2	0	0
ASV_1420	0	2	0	0
ASV_1421	0	2	0	0
ASV_1422	0	2	0	0
ASV_1423	0	2	0	0
ASV_1424	0	2	0	0
ASV_1425	0	2	0	0
ASV_1426	0	2	0	0
ASV_1427	0	1	0	0
ASV_1428	0	1	0	0
ASV_1429	0	1	0	0
ASV_1430	0	1	0	0
ASV_1431	0	1	0	1
ASV_1432	0	1	0	0
ASV_1433	0	1	0	0
ASV_1434	0	1	0	0
ASV_1435	0	1	0	0
ASV_1436	0	0	2	0
ASV_1437	0	0	2	0
ASV_1438	0	0	2	0
ASV_1439	0	0	2	0
ASV_1440	0	0	2	0
ASV_1441	0	0	2	0
ASV_1442	0	0	2	0
ASV_1443	0	0	2	0
ASV_1444	0	0	2	0
ASV_1445	0	0	2	0
ASV_1446	0	0	2	0
ASV_1447	0	0	2	0
ASV_1448	0	0	2	0
ASV_1449	0	0	2	0
ASV_1450	0	0	2	0
ASV_1451	0	0	2	0
ASV_1452	0	0	2	0
ASV_1453	0	0	2	0
ASV_1454	0	0	2	0
ASV_1455	0	0	2	0
ASV_1456	0	0	2	0
ASV_1457	0	0	2	0
ASV_1458	0	0	2	0
ASV_1459	0	0	2	0
ASV_1460	0	0	2	0
ASV_1461	0	0	2	0
ASV_1462	0	0	2	0
ASV_1463	0	0	2	0
ASV_1464	0	0	2	0
ASV_1465	0	0	2	0
ASV_1466	0	0	2	0
ASV_1467	0	0	2	0
ASV_1468	0	0	2	0
ASV_1469	0	0	2	0
ASV_1470	0	0	2	0
ASV_1471	0	0	2	0
ASV_1472	0	0	2	0
ASV_1473	0	0	2	0
ASV_1474	0	0	2	0
ASV_1475	0	0	2	0
ASV_1476	0	0	2	0
ASV_1477	0	0	2	0
ASV_1478	0	0	2	0
ASV_1479	0	0	2	0
ASV_1480	0	0	2	0
ASV_1481	0	0	2	0
ASV_1482	0	0	2	0
ASV_1483	0	0	2	0
ASV_1484	0	0	2	0
ASV_1485	0	0	2	0
ASV_1486	0	0	2	0
ASV_1487	0	0	2	0
ASV_1488	0	0	2	0
ASV_1489	0	0	2	0
ASV_1490	0	0	2	0
ASV_1491	0	0	2	0
ASV_1492	0	0	2	0
ASV_1493	0	0	2	0
ASV_1494	0	0	2	0
ASV_1495	0	0	2	0
ASV_1496	0	0	2	0
ASV_1497	0	0	2	0
ASV_1498	0	0	2	0
ASV_1499	0	0	2	0
ASV_1500	0	0	2	0
ASV_1501	0	0	2	0
ASV_1502	0	0	2	0
ASV_1503	0	0	2	0
ASV_1504	0	0	2	0
ASV_1505	0	0	2	0
ASV_1506	0	0	2	0
ASV_1507	0	0	2	0
ASV_1508	0	0	2	0
ASV_1509	0	0	2	0
ASV_1510	0	0	2	0
ASV_1511	0	0	2	0
ASV_1512	0	0	2	0
ASV_1513	0	0	2	0
ASV_1514	0	0	2	0
ASV_1515	0	0	2	0
ASV_1516	0	0	2	0
ASV_1517	0	0	2	0
ASV_1518	0	0	2	0
ASV_1519	0	0	2	0
ASV_1520	0	0	2	0
ASV_1521	0	0	2	0
ASV_1522	0	0	2	0
ASV_1523	0	0	2	0
ASV_1524	0	0	2	0
ASV_1525	0	0	2	0
ASV_1526	0	0	2	0
ASV_1527	0	0	2	0
ASV_1528	0	0	2	0
ASV_1529	0	0	2	0
ASV_1530	0	0	2	0
ASV_1531	0	0	2	0
ASV_1532	0	0	2	0
ASV_1533	0	0	2	0
ASV_1534	0	0	2	0
ASV_1535	0	0	2	0
ASV_1536	0	0	2	0
ASV_1537	0	0	1	0
ASV_1538	0	0	1	0
ASV_1539	0	0	1	1
ASV_1540	0	0	1	0
ASV_1541	0	0	1	0
ASV_1542	0	0	1	0
ASV_1543	0	0	1	0
ASV_1544	0	0	1	0
ASV_1545	0	0	1	0
ASV_1546	0	0	1	1
ASV_1547	0	0	1	1
ASV_1548	0	0	1	0
ASV_1549	0	0	1	1
ASV_1550	0	0	1	0
ASV_1551	0	0	0	2
ASV_1552	0	0	0	2
ASV_1553	0	0	0	2
ASV_1554	0	0	0	2
ASV_1555	0	0	0	2
ASV_1556	0	0	0	2
ASV_1557	0	0	0	2
ASV_1558	0	0	0	2
ASV_1559	0	0	0	2
ASV_1560	0	0	0	2
ASV_1561	0	0	0	2
ASV_1562	0	0	0	2
ASV_1563	0	0	0	2
ASV_1564	0	0	0	2
ASV_1565	0	0	0	2
ASV_1566	0	0	0	2
ASV_1567	0	0	0	2
ASV_1568	0	0	0	2
ASV_1569	0	0	0	2
ASV_1570	0	0	0	2
ASV_1571	0	0	0	2
ASV_1572	0	0	0	2
ASV_1573	0	0	0	2
ASV_1574	0	0	0	2
ASV_1575	0	0	0	2
ASV_1576	0	0	0	2
ASV_1577	0	0	0	2
ASV_1578	0	0	0	2
ASV_1579	0	0	0	2
ASV_1580	0	0	0	2
ASV_1581	0	0	0	2
ASV_1582	0	0	0	2
ASV_1583	0	0	0	2
ASV_1584	0	0	0	2
ASV_1585	0	0	0	2
ASV_1586	0	0	0	2
ASV_1587	0	0	0	2
ASV_1588	0	0	0	2
ASV_1589	0	0	0	2
ASV_1590	0	0	0	2
ASV_1591	0	0	0	2
ASV_1592	0	0	0	2
ASV_1593	0	0	0	2
ASV_1594	0	0	0	2
ASV_1595	0	0	0	2
ASV_1596	0	0	0	2
ASV_1597	0	0	0	2
ASV_1598	0	0	0	2
ASV_1599	0	0	0	2
ASV_1600	0	0	0	2
ASV_1601	0	0	0	2
ASV_1602	0	0	0	2
ASV_1603	0	0	0	2
ASV_1604	0	0	0	2
ASV_1605	0	0	0	2
ASV_1606	0	0	0	2
ASV_1607	0	0	0	2
ASV_1608	0	0	0	2
ASV_1609	0	0	0	2
ASV_1610	0	0	0	2
ASV_1611	0	0	0	2
ASV_1612	0	0	0	2
ASV_1613	0	0	0	2
ASV_1614	0	0	0	2
ASV_1615	0	0	0	2
ASV_1616	0	0	0	2
ASV_1617	0	0	0	2
ASV_1618	0	0	0	2
ASV_1619	0	0	0	2
ASV_1620	0	0	0	2
ASV_1621	0	0	0	2
ASV_1622	0	0	0	2
ASV_1623	0	0	0	2
ASV_1624	0	0	0	2
ASV_1625	0	0	0	2
ASV_1626	0	0	0	2
ASV_1627	0	0	0	1
ASV_1628	0	0	0	1
ASV_1629	0	0	0	1
ASV_1630	0	0	0	1
ASV_1631	0	0	0	1
ASV_1632	0	0	0	1
ASV_1633	0	0	0	1
ASV_1634	0	0	0	1
ASV_2064	1	0	0	0
ASV_2065	1	0	0	0
ASV_2066	1	0	0	0
ASV_2067	1	0	0	0
ASV_2068	1	0	0	0
ASV_2069	1	0	0	0
ASV_2070	1	0	0	0
ASV_2071	1	0	0	0
ASV_2072	1	0	0	0
ASV_2073	1	0	0	0
ASV_2074	1	0	0	0
ASV_2075	1	0	0	0
ASV_2076	1	0	0	0
ASV_2077	1	0	0	0
ASV_2078	1	0	0	0
ASV_2079	1	0	0	0
ASV_2080	1	0	0	0
ASV_2081	1	0	0	0
ASV_2082	1	0	0	0
ASV_2083	1	0	0	0
ASV_2084	1	0	0	0
ASV_2085	1	0	0	0
ASV_2086	1	0	0	0
ASV_2087	1	0	0	0
ASV_2088	1	0	0	0
ASV_2089	1	0	0	0
ASV_2090	1	0	0	0
ASV_2091	1	0	0	0
ASV_2092	1	0	0	0
ASV_2093	1	0	0	0
ASV_2094	1	0	0	0
ASV_2095	1	0	0	0
ASV_2096	1	0	0	0
ASV_2097	1	0	0	0
ASV_2098	1	0	0	0
ASV_2099	1	0	0	0
ASV_2100	1	0	0	0
ASV_2101	1	0	0	0
ASV_2102	1	0	0	0
ASV_2103	1	0	0	0
ASV_2104	1	0	0	0
ASV_2105	1	0	0	0
ASV_2106	1	0	0	0
ASV_2107	1	0	0	0
ASV_2108	1	0	0	0
ASV_2109	1	0	0	0
ASV_2110	1	0	0	0
ASV_2111	1	0	0	0
ASV_2112	1	0	0	0
ASV_2113	1	0	0	0
ASV_2114	1	0	0	0
ASV_2115	1	0	0	0
ASV_2116	1	0	0	0
ASV_2117	1	0	0	0
ASV_2118	1	0	0	0
ASV_2119	1	0	0	0
ASV_2120	1	0	0	0
ASV_2121	1	0	0	0
ASV_2122	1	0	0	0
ASV_2123	1	0	0	0
ASV_2124	1	0	0	0
ASV_2125	1	0	0	0
ASV_2126	1	0	0	0
ASV_2127	1	0	0	0
ASV_2128	1	0	0	0
ASV_2129	1	0	0	0
ASV_2130	1	0	0	0
ASV_2131	1	0	0	0
ASV_2132	1	0	0	0
ASV_2133	1	0	0	0
ASV_2134	1	0	0	0
ASV_2135	1	0	0	0
ASV_2136	1	0	0	0
ASV_2137	1	0	0	0
ASV_2138	1	0	0	0
ASV_2139	1	0	0	0
ASV_2140	1	0	0	0
ASV_2141	1	0	0	0
ASV_2142	1	0	0	0
ASV_2143	1	0	0	0
ASV_2144	1	0	0	0
ASV_2145	1	0	0	0
ASV_2146	1	0	0	0
ASV_2147	1	0	0	0
ASV_2148	1	0	0	0
ASV_2149	1	0	0	0
ASV_2150	1	0	0	0
ASV_2151	1	0	0	0
ASV_2152	1	0	0	0
ASV_2153	1	0	0	0
ASV_2154	1	0	0	0
ASV_2155	1	0	0	0
ASV_2156	1	0	0	0
ASV_2157	1	0	0	0
ASV_2158	1	0	0	0
ASV_2159	1	0	0	0
ASV_2160	1	0	0	0
ASV_2161	1	0	0	0
ASV_2162	1	0	0	0
ASV_2163	1	0	0	0
ASV_2164	1	0	0	0
ASV_2165	1	0	0	0
ASV_2166	1	0	0	0
ASV_2167	1	0	0	0
ASV_2168	1	0	0	0
ASV_2169	1	0	0	0
ASV_2170	1	0	0	0
ASV_2171	1	0	0	0
ASV_2172	1	0	0	0
ASV_2173	1	0	0	0
ASV_2174	1	0	0	0
ASV_2175	1	0	0	0
ASV_2176	1	0	0	0
ASV_2177	1	0	0	0
ASV_2178	1	0	0	0
ASV_2179	1	0	0	0
ASV_2180	1	0	0	0
ASV_2181	1	0	0	0
ASV_2182	1	0	0	0
ASV_2183	1	0	0	0
ASV_2184	1	0	0	0
ASV_2185	1	0	0	0
ASV_2186	1	0	0	0
ASV_2187	1	0	0	0
ASV_2188	1	0	0	0
ASV_2189	1	0	0	0
ASV_2190	1	0	0	0
ASV_2191	1	0	0	0
ASV_2192	1	0	0	0
ASV_2193	1	0	0	0
ASV_2194	1	0	0	0
ASV_2195	1	0	0	0
ASV_2196	1	0	0	0
ASV_2197	1	0	0	0
ASV_2198	1	0	0	0
ASV_2199	1	0	0	0
ASV_2200	1	0	0	0
ASV_2201	1	0	0	0
ASV_2202	1	0	0	0
ASV_2203	1	0	0	0
ASV_2204	1	0	0	0
ASV_2205	1	0	0	0
ASV_2206	1	0	0	0
ASV_2207	1	0	0	0
ASV_2208	1	0	0	0
ASV_2209	1	0	0	0
ASV_2210	1	0	0	0
ASV_2211	1	0	0	0
ASV_2212	1	0	0	0
ASV_2213	1	0	0	0
ASV_2214	1	0	0	0
ASV_2215	1	0	0	0
ASV_2216	1	0	0	0
ASV_2217	1	0	0	0
ASV_2218	1	0	0	0
ASV_2219	1	0	0	0
ASV_2220	1	0	0	0
ASV_2221	1	0	0	0
ASV_2222	1	0	0	0
ASV_2223	1	0	0	0
ASV_2224	1	0	0	0
ASV_2225	1	0	0	0
ASV_2226	1	0	0	0
ASV_2227	1	0	0	0
ASV_2228	1	0	0	0
ASV_2229	1	0	0	0
ASV_2230	1	0	0	0
ASV_2231	1	0	0	0
ASV_2232	1	0	0	0
ASV_2233	1	0	0	0
ASV_2234	1	0	0	0
ASV_2235	1	0	0	0
ASV_2236	1	0	0	0
ASV_2237	1	0	0	0
ASV_2238	1	0	0	0
ASV_2239	1	0	0	0
ASV_2240	1	0	0	0
ASV_2241	1	0	0	0
ASV_2242	1	0	0	0
ASV_2243	1	0	0	0
ASV_2244	1	0	0	0
ASV_2245	1	0	0	0
ASV_2246	1	0	0	0
ASV_2247	1	0	0	0
ASV_2248	1	0	0	0
ASV_2249	1	0	0	0
ASV_2250	1	0	0	0
ASV_2251	1	0	0	0
ASV_2252	1	0	0	0
ASV_2253	1	0	0	0
ASV_2254	1	0	0	0
ASV_2255	1	0	0	0
ASV_2256	1	0	0	0
ASV_2257	1	0	0	0
ASV_2258	1	0	0	0
ASV_2259	1	0	0	0
ASV_2260	1	0	0	0
ASV_2261	1	0	0	0
ASV_2262	1	0	0	0
ASV_2263	1	0	0	0
ASV_2264	1	0	0	0
ASV_2265	1	0	0	0
ASV_2266	1	0	0	0
ASV_2267	1	0	0	0
ASV_2268	1	0	0	0
ASV_2269	1	0	0	0
ASV_2270	1	0	0	0
ASV_2271	1	0	0	0
ASV_2272	1	0	0	0
ASV_2273	1	0	0	0
ASV_2274	1	0	0	0
ASV_2275	1	0	0	0
ASV_2276	1	0	0	0
ASV_2277	1	0	0	0
ASV_2278	1	0	0	0
ASV_2279	1	0	0	0
ASV_2280	1	0	0	0
ASV_2281	1	0	0	0
ASV_2282	1	0	0	0
ASV_2283	1	0	0	0
ASV_2284	1	0	0	0
ASV_2285	1	0	0	0
ASV_2286	1	0	0	0
ASV_2287	1	0	0	0
ASV_2288	0	1	0	0
ASV_2289	0	1	0	0
ASV_2290	0	1	0	0
ASV_2291	0	1	0	0
ASV_2292	0	1	0	0
ASV_2293	0	1	0	0
ASV_2294	0	1	0	0
ASV_2295	0	1	0	0
ASV_2296	0	1	0	0
ASV_2297	0	1	0	0
ASV_2298	0	1	0	0
ASV_2299	0	1	0	0
ASV_2300	0	1	0	0
ASV_2301	0	1	0	0
ASV_2302	0	1	0	0
ASV_2303	0	1	0	0
ASV_2304	0	1	0	0
ASV_2305	0	1	0	0
ASV_2306	0	1	0	0
ASV_2307	0	1	0	0
ASV_2308	0	1	0	0
ASV_2309	0	1	0	0
ASV_2310	0	1	0	0
ASV_2311	0	1	0	0
ASV_2312	0	1	0	0
ASV_2313	0	1	0	0
ASV_2314	0	1	0	0
ASV_2315	0	1	0	0
ASV_2316	0	1	0	0
ASV_2317	0	1	0	0
ASV_2318	0	1	0	0
ASV_2319	0	1	0	0
ASV_2320	0	1	0	0
ASV_2321	0	1	0	0
ASV_2322	0	1	0	0
ASV_2323	0	1	0	0
ASV_2324	0	1	0	0
ASV_2325	0	1	0	0
ASV_2326	0	1	0	0
ASV_2327	0	1	0	0
ASV_2328	0	1	0	0
ASV_2329	0	1	0	0
ASV_2330	0	1	0	0
ASV_2331	0	1	0	0
ASV_2332	0	1	0	0
ASV_2333	0	1	0	0
ASV_2334	0	1	0	0
ASV_2335	0	1	0	0
ASV_2336	0	1	0	0
ASV_2337	0	1	0	0
ASV_2338	0	1	0	0
ASV_2339	0	1	0	0
ASV_2340	0	1	0	0
ASV_2341	0	1	0	0
ASV_2342	0	1	0	0
ASV_2343	0	1	0	0
ASV_2344	0	1	0	0
ASV_2345	0	1	0	0
ASV_2346	0	1	0	0
ASV_2347	0	1	0	0
ASV_2348	0	1	0	0
ASV_2349	0	1	0	0
ASV_2350	0	1	0	0
ASV_2351	0	1	0	0
ASV_2352	0	1	0	0
ASV_2353	0	1	0	0
ASV_2354	0	1	0	0
ASV_2355	0	1	0	0
ASV_2356	0	1	0	0
ASV_2357	0	1	0	0
ASV_2358	0	1	0	0
ASV_2359	0	1	0	0
ASV_2360	0	1	0	0
ASV_2361	0	1	0	0
ASV_2362	0	1	0	0
ASV_2363	0	1	0	0
ASV_2364	0	1	0	0
ASV_2365	0	1	0	0
ASV_2366	0	1	0	0
ASV_2367	0	1	0	0
ASV_2368	0	1	0	0
ASV_2369	0	1	0	0
ASV_2370	0	1	0	0
ASV_2371	0	1	0	0
ASV_2372	0	1	0	0
ASV_2373	0	1	0	0
ASV_2374	0	1	0	0
ASV_2375	0	1	0	0
ASV_2376	0	1	0	0
ASV_2377	0	1	0	0
ASV_2378	0	1	0	0
ASV_2379	0	1	0	0
ASV_2380	0	1	0	0
ASV_2381	0	1	0	0
ASV_2382	0	1	0	0
ASV_2383	0	1	0	0
ASV_2384	0	1	0	0
ASV_2385	0	1	0	0
ASV_2386	0	1	0	0
ASV_2387	0	1	0	0
ASV_2388	0	1	0	0
ASV_2389	0	1	0	0
ASV_2390	0	1	0	0
ASV_2391	0	1	0	0
ASV_2392	0	1	0	0
ASV_2393	0	1	0	0
ASV_2394	0	1	0	0
ASV_2395	0	1	0	0
ASV_2396	0	1	0	0
ASV_2397	0	1	0	0
ASV_2398	0	1	0	0
ASV_2399	0	1	0	0
ASV_2400	0	1	0	0
ASV_2401	0	1	0	0
ASV_2402	0	1	0	0
ASV_2403	0	1	0	0
ASV_2404	0	1	0	0
ASV_2405	0	1	0	0
ASV_2406	0	1	0	0
ASV_2407	0	1	0	0
ASV_2408	0	1	0	0
ASV_2409	0	1	0	0
ASV_2410	0	1	0	0
ASV_2411	0	1	0	0
ASV_2412	0	1	0	0
ASV_2413	0	1	0	0
ASV_2414	0	1	0	0
ASV_2415	0	1	0	0
ASV_2416	0	1	0	0
ASV_2417	0	1	0	0
ASV_2418	0	1	0	0
ASV_2419	0	1	0	0
ASV_2420	0	1	0	0
ASV_2421	0	1	0	0
ASV_2422	0	1	0	0
ASV_2423	0	1	0	0
ASV_2424	0	1	0	0
ASV_2425	0	1	0	0
ASV_2426	0	1	0	0
ASV_2427	0	1	0	0
ASV_2428	0	1	0	0
ASV_2429	0	1	0	0
ASV_2430	0	1	0	0
ASV_2431	0	1	0	0
ASV_2432	0	1	0	0
ASV_2433	0	1	0	0
ASV_2434	0	1	0	0
ASV_2435	0	1	0	0
ASV_2436	0	1	0	0
ASV_2437	0	1	0	0
ASV_2438	0	1	0	0
ASV_2439	0	1	0	0
ASV_2440	0	1	0	0
ASV_2441	0	1	0	0
ASV_2442	0	1	0	0
ASV_2443	0	1	0	0
ASV_2444	0	1	0	0
ASV_2445	0	1	0	0
ASV_2446	0	1	0	0
ASV_2447	0	1	0	0
ASV_2448	0	1	0	0
ASV_2449	0	1	0	0
ASV_2450	0	1	0	0
ASV_2451	0	1	0	0
ASV_2452	0	1	0	0
ASV_2453	0	1	0	0
ASV_2454	0	1	0	0
ASV_2455	0	1	0	0
ASV_2456	0	1	0	0
ASV_2457	0	1	0	0
ASV_2458	0	1	0	0
ASV_2459	0	1	0	0
ASV_2460	0	1	0	0
ASV_2461	0	1	0	0
ASV_2462	0	1	0	0
ASV_2463	0	1	0	0
ASV_2464	0	1	0	0
ASV_2465	0	1	0	0
ASV_2466	0	1	0	0
ASV_2467	0	1	0	0
ASV_2468	0	1	0	0
ASV_2469	0	1	0	0
ASV_2470	0	1	0	0
ASV_2471	0	1	0	0
ASV_2472	0	1	0	0
ASV_2473	0	1	0	0
ASV_2474	0	1	0	0
ASV_2475	0	1	0	0
ASV_2476	0	1	0	0
ASV_2477	0	1	0	0
ASV_2478	0	1	0	0
ASV_2479	0	1	0	0
ASV_2480	0	1	0	0
ASV_2481	0	1	0	0
ASV_2482	0	1	0	0
ASV_2483	0	1	0	0
ASV_2484	0	1	0	0
ASV_2485	0	1	0	0
ASV_2486	0	1	0	0
ASV_2487	0	1	0	0
ASV_2488	0	1	0	0
ASV_2489	0	1	0	0
ASV_2490	0	1	0	0
ASV_2491	0	1	0	0
ASV_2492	0	1	0	0
ASV_2493	0	1	0	0
ASV_2494	0	1	0	0
ASV_2495	0	1	0	0
ASV_2496	0	1	0	0
ASV_2497	0	1	0	0
ASV_2498	0	1	0	0
ASV_2499	0	1	0	0
ASV_2500	0	1	0	0
ASV_2501	0	1	0	0
ASV_2502	0	1	0	0
ASV_2503	0	1	0	0
ASV_2504	0	1	0	0
ASV_2505	0	1	0	0
ASV_2506	0	1	0	0
ASV_2507	0	1	0	0
ASV_2508	0	1	0	0
ASV_2509	0	1	0	0
ASV_2510	0	1	0	0
ASV_2511	0	1	0	0
ASV_2512	0	1	0	0
ASV_2513	0	1	0	0
ASV_2514	0	1	0	0
ASV_2515	0	1	0	0
ASV_2516	0	1	0	0
ASV_2517	0	1	0	0
ASV_2518	0	1	0	0
ASV_2519	0	1	0	0
ASV_2520	0	1	0	0
ASV_2521	0	1	0	0
ASV_2522	0	1	0	0
ASV_2523	0	1	0	0
ASV_2524	0	1	0	0
ASV_2525	0	1	0	0
ASV_2526	0	1	0	0
ASV_2527	0	1	0	0
ASV_2528	0	1	0	0
ASV_2529	0	1	0	0
ASV_2530	0	1	0	0
ASV_2531	0	1	0	0
ASV_2532	0	1	0	0
ASV_2533	0	1	0	0
ASV_2534	0	0	1	0
ASV_2535	0	0	1	0
ASV_2536	0	0	1	0
ASV_2537	0	0	1	0
ASV_2538	0	0	1	0
ASV_2539	0	0	1	0
ASV_2540	0	0	1	0
ASV_2541	0	0	1	0
ASV_2542	0	0	1	0
ASV_2543	0	0	1	0
ASV_2544	0	0	1	0
ASV_2545	0	0	1	0
ASV_2546	0	0	1	0
ASV_2547	0	0	1	0
ASV_2548	0	0	1	0
ASV_2549	0	0	1	0
ASV_2550	0	0	1	0
ASV_2551	0	0	1	0
ASV_2552	0	0	1	0
ASV_2553	0	0	1	0
ASV_2554	0	0	1	0
ASV_2555	0	0	1	0
ASV_2556	0	0	1	0
ASV_2557	0	0	1	0
ASV_2558	0	0	1	0
ASV_2559	0	0	1	0
ASV_2560	0	0	1	0
ASV_2561	0	0	1	0
ASV_2562	0	0	1	0
ASV_2563	0	0	1	0
ASV_2564	0	0	1	0
ASV_2565	0	0	1	0
ASV_2566	0	0	1	0
ASV_2567	0	0	1	0
ASV_2568	0	0	1	0
ASV_2569	0	0	1	0
ASV_2570	0	0	1	0
ASV_2571	0	0	1	0
ASV_2572	0	0	1	0
ASV_2573	0	0	1	0
ASV_2574	0	0	1	0
ASV_2575	0	0	1	0
ASV_2576	0	0	1	0
ASV_2577	0	0	1	0
ASV_2578	0	0	1	0
ASV_2579	0	0	1	0
ASV_2580	0	0	1	0
ASV_2581	0	0	1	0
ASV_2582	0	0	1	0
ASV_2583	0	0	1	0
ASV_2584	0	0	1	0
ASV_2585	0	0	1	0
ASV_2586	0	0	1	0
ASV_2587	0	0	1	0
ASV_2588	0	0	1	0
ASV_2589	0	0	1	0
ASV_2590	0	0	1	0
ASV_2591	0	0	1	0
ASV_2592	0	0	1	0
ASV_2593	0	0	1	0
ASV_2594	0	0	1	0
ASV_2595	0	0	1	0
ASV_2596	0	0	1	0
ASV_2597	0	0	1	0
ASV_2598	0	0	1	0
ASV_2599	0	0	1	0
ASV_2600	0	0	1	0
ASV_2601	0	0	1	0
ASV_2602	0	0	1	0
ASV_2603	0	0	1	0
ASV_2604	0	0	1	0
ASV_2605	0	0	1	0
ASV_2606	0	0	1	0
ASV_2607	0	0	1	0
ASV_2608	0	0	1	0
ASV_2609	0	0	1	0
ASV_2610	0	0	1	0
ASV_2611	0	0	1	0
ASV_2612	0	0	1	0
ASV_2613	0	0	1	0
ASV_2614	0	0	1	0
ASV_2615	0	0	1	0
ASV_2616	0	0	1	0
ASV_2617	0	0	1	0
ASV_2618	0	0	1	0
ASV_2619	0	0	1	0
ASV_2620	0	0	1	0
ASV_2621	0	0	1	0
ASV_2622	0	0	1	0
ASV_2623	0	0	1	0
ASV_2624	0	0	1	0
ASV_2625	0	0	1	0
ASV_2626	0	0	1	0
ASV_2627	0	0	1	0
ASV_2628	0	0	1	0
ASV_2629	0	0	1	0
ASV_2630	0	0	1	0
ASV_2631	0	0	1	0
ASV_2632	0	0	1	0
ASV_2633	0	0	1	0
ASV_2634	0	0	1	0
ASV_2635	0	0	1	0
ASV_2636	0	0	1	0
ASV_2637	0	0	1	0
ASV_2638	0	0	1	0
ASV_2639	0	0	1	0
ASV_2640	0	0	1	0
ASV_2641	0	0	1	0
ASV_2642	0	0	1	0
ASV_2643	0	0	1	0
ASV_2644	0	0	1	0
ASV_2645	0	0	1	0
ASV_2646	0	0	1	0
ASV_2647	0	0	1	0
ASV_2648	0	0	1	0
ASV_2649	0	0	1	0
ASV_2650	0	0	1	0
ASV_2651	0	0	1	0
ASV_2652	0	0	1	0
ASV_2653	0	0	1	0
ASV_2654	0	0	1	0
ASV_2655	0	0	1	0
ASV_2656	0	0	1	0
ASV_2657	0	0	1	0
ASV_2658	0	0	1	0
ASV_2659	0	0	1	0
ASV_2660	0	0	1	0
ASV_2661	0	0	1	0
ASV_2662	0	0	1	0
ASV_2663	0	0	1	0
ASV_2664	0	0	1	0
ASV_2665	0	0	1	0
ASV_2666	0	0	1	0
ASV_2667	0	0	1	0
ASV_2668	0	0	1	0
ASV_2669	0	0	1	0
ASV_2670	0	0	1	0
ASV_2671	0	0	1	0
ASV_2672	0	0	1	0
ASV_2673	0	0	1	0
ASV_2674	0	0	1	0
ASV_2675	0	0	1	0
ASV_2676	0	0	1	0
ASV_2677	0	0	1	0
ASV_2678	0	0	1	0
ASV_2679	0	0	1	0
ASV_2680	0	0	1	0
ASV_2681	0	0	1	0
ASV_2682	0	0	1	0
ASV_2683	0	0	1	0
ASV_2684	0	0	1	0
ASV_2685	0	0	1	0
ASV_2686	0	0	1	0
ASV_2687	0	0	1	0
ASV_2688	0	0	1	0
ASV_2689	0	0	1	0
ASV_2690	0	0	1	0
ASV_2691	0	0	1	0
ASV_2692	0	0	1	0
ASV_2693	0	0	1	0
ASV_2694	0	0	1	0
ASV_2695	0	0	1	0
ASV_2696	0	0	1	0
ASV_2697	0	0	1	0
ASV_2698	0	0	1	0
ASV_2699	0	0	1	0
ASV_2700	0	0	1	0
ASV_2701	0	0	1	0
ASV_2702	0	0	1	0
ASV_2703	0	0	1	0
ASV_2704	0	0	1	0
ASV_2705	0	0	1	0
ASV_2706	0	0	1	0
ASV_2707	0	0	1	0
ASV_2708	0	0	1	0
ASV_2709	0	0	1	0
ASV_2710	0	0	1	0
ASV_2711	0	0	1	0
ASV_2712	0	0	1	0
ASV_2713	0	0	1	0
ASV_2714	0	0	1	0
ASV_2715	0	0	1	0
ASV_2716	0	0	1	0
ASV_2717	0	0	1	0
ASV_2718	0	0	1	0
ASV_2719	0	0	1	0
ASV_2720	0	0	1	0
ASV_2721	0	0	1	0
ASV_2722	0	0	1	0
ASV_2723	0	0	1	0
ASV_2724	0	0	1	0
ASV_2725	0	0	1	0
ASV_2726	0	0	1	0
ASV_2727	0	0	1	0
ASV_2728	0	0	1	0
ASV_2729	0	0	1	0
ASV_2730	0	0	1	0
ASV_2731	0	0	1	0
ASV_2732	0	0	1	0
ASV_2733	0	0	1	0
ASV_2734	0	0	1	0
ASV_2735	0	0	1	0
ASV_2736	0	0	1	0
ASV_2737	0	0	1	0
ASV_2738	0	0	1	0
ASV_2739	0	0	1	0
ASV_2740	0	0	1	0
ASV_2741	0	0	1	0
ASV_2742	0	0	1	0
ASV_2743	0	0	1	0
ASV_2744	0	0	1	0
ASV_2745	0	0	1	0
ASV_2746	0	0	1	0
ASV_2747	0	0	1	0
ASV_2748	0	0	1	0
ASV_2749	0	0	1	0
ASV_2750	0	0	1	0
ASV_2751	0	0	1	0
ASV_2752	0	0	1	0
ASV_2753	0	0	1	0
ASV_2754	0	0	1	0
ASV_2755	0	0	1	0
ASV_2756	0	0	1	0
ASV_2757	0	0	1	0
ASV_2758	0	0	1	0
ASV_2759	0	0	1	0
ASV_2760	0	0	1	0
ASV_2761	0	0	1	0
ASV_2762	0	0	1	0
ASV_2763	0	0	1	0
ASV_2764	0	0	1	0
ASV_2765	0	0	1	0
ASV_2766	0	0	1	0
ASV_2767	0	0	1	0
ASV_2768	0	0	1	0
ASV_2769	0	0	1	0
ASV_2770	0	0	1	0
ASV_2771	0	0	1	0
ASV_2772	0	0	1	0
ASV_2773	0	0	1	0
ASV_2774	0	0	1	0
ASV_2775	0	0	1	0
ASV_2776	0	0	1	0
ASV_2777	0	0	1	0
ASV_2778	0	0	1	0
ASV_2779	0	0	1	0
ASV_2780	0	0	1	0
ASV_2781	0	0	1	0
ASV_2782	0	0	1	0
ASV_2783	0	0	1	0
ASV_2784	0	0	1	0
ASV_2785	0	0	1	0
ASV_2786	0	0	1	0
ASV_2787	0	0	1	0
ASV_2788	0	0	1	0
ASV_2789	0	0	1	0
ASV_2790	0	0	1	0
ASV_2791	0	0	1	0
ASV_2792	0	0	1	0
ASV_2793	0	0	1	0
ASV_2794	0	0	1	0
ASV_2795	0	0	1	0
ASV_2796	0	0	1	0
ASV_2797	0	0	1	0
ASV_2798	0	0	1	0
ASV_2799	0	0	1	0
ASV_2800	0	0	1	0
ASV_2801	0	0	1	0
ASV_2802	0	0	1	0
ASV_2803	0	0	1	0
ASV_2804	0	0	1	0
ASV_2805	0	0	1	0
ASV_2806	0	0	1	0
ASV_2807	0	0	1	0
ASV_2808	0	0	1	0
ASV_2809	0	0	1	0
ASV_2810	0	0	1	0
ASV_2811	0	0	1	0
ASV_2812	0	0	1	0
ASV_2813	0	0	1	0
ASV_2814	0	0	1	0
ASV_2815	0	0	1	0
ASV_2816	0	0	1	0
ASV_2817	0	0	1	0
ASV_2818	0	0	1	0
ASV_2819	0	0	1	0
ASV_2820	0	0	1	0
ASV_2821	0	0	1	0
ASV_2822	0	0	1	0
ASV_2823	0	0	1	0
ASV_2824	0	0	1	0
ASV_2825	0	0	1	0
ASV_2826	0	0	1	0
ASV_2827	0	0	1	0
ASV_2828	0	0	1	0
ASV_2829	0	0	1	0
ASV_2830	0	0	1	0
ASV_2831	0	0	1	0
ASV_2832	0	0	1	0
ASV_2833	0	0	1	0
ASV_2834	0	0	1	0
ASV_2835	0	0	1	0
ASV_2836	0	0	1	0
ASV_2837	0	0	1	0
ASV_2838	0	0	1	0
ASV_2839	0	0	1	0
ASV_2840	0	0	1	0
ASV_2841	0	0	1	0
ASV_2842	0	0	1	0
ASV_2843	0	0	1	0
ASV_2844	0	0	1	0
ASV_2845	0	0	1	0
ASV_2846	0	0	1	0
ASV_2847	0	0	1	0
ASV_2848	0	0	1	0
ASV_2849	0	0	1	0
ASV_2850	0	0	1	0
ASV_2851	0	0	1	0
ASV_2852	0	0	1	0
ASV_2853	0	0	1	0
ASV_2854	0	0	1	0
ASV_2855	0	0	1	0
ASV_2856	0	0	1	0
ASV_2857	0	0	1	0
ASV_2858	0	0	1	0
ASV_2859	0	0	1	0
ASV_2860	0	0	1	0
ASV_2861	0	0	1	0
ASV_2862	0	0	1	0
ASV_2863	0	0	1	0
ASV_2864	0	0	1	0
ASV_2865	0	0	1	0
ASV_2866	0	0	1	0
ASV_2867	0	0	1	0
ASV_2868	0	0	1	0
ASV_2869	0	0	1	0
ASV_2870	0	0	1	0
ASV_2871	0	0	1	0
ASV_2872	0	0	1	0
ASV_2873	0	0	1	0
ASV_2874	0	0	1	0
ASV_2875	0	0	1	0
ASV_2876	0	0	1	0
ASV_2877	0	0	1	0
ASV_2878	0	0	0	1
ASV_2879	0	0	0	1
ASV_2880	0	0	0	1
ASV_2881	0	0	0	1
ASV_2882	0	0	0	1
ASV_2883	0	0	0	1
ASV_2884	0	0	0	1
ASV_2885	0	0	0	1
ASV_2886	0	0	0	1
ASV_2887	0	0	0	1
ASV_2888	0	0	0	1
ASV_2889	0	0	0	1
ASV_2890	0	0	0	1
ASV_2891	0	0	0	1
ASV_2892	0	0	0	1
ASV_2893	0	0	0	1
ASV_2894	0	0	0	1
ASV_2895	0	0	0	1
ASV_2896	0	0	0	1
ASV_2897	0	0	0	1
ASV_2898	0	0	0	1
ASV_2899	0	0	0	1
ASV_2900	0	0	0	1
ASV_2901	0	0	0	1
ASV_2902	0	0	0	1
ASV_2903	0	0	0	1
ASV_2904	0	0	0	1
ASV_2905	0	0	0	1
ASV_2906	0	0	0	1
ASV_2907	0	0	0	1
ASV_2908	0	0	0	1
ASV_2909	0	0	0	1
ASV_2910	0	0	0	1
ASV_2911	0	0	0	1
ASV_2912	0	0	0	1
ASV_2913	0	0	0	1
ASV_2914	0	0	0	1
ASV_2915	0	0	0	1
ASV_2916	0	0	0	1
ASV_2917	0	0	0	1
ASV_2918	0	0	0	1
ASV_2919	0	0	0	1
ASV_2920	0	0	0	1
ASV_2921	0	0	0	1
ASV_2922	0	0	0	1
ASV_2923	0	0	0	1
ASV_2924	0	0	0	1
ASV_2925	0	0	0	1
ASV_2926	0	0	0	1
ASV_2927	0	0	0	1
ASV_2928	0	0	0	1
ASV_2929	0	0	0	1
ASV_2930	0	0	0	1
ASV_2931	0	0	0	1
ASV_2932	0	0	0	1
ASV_2933	0	0	0	1
ASV_2934	0	0	0	1
ASV_2935	0	0	0	1
ASV_2936	0	0	0	1
ASV_2937	0	0	0	1
ASV_2938	0	0	0	1
ASV_2939	0	0	0	1
ASV_2940	0	0	0	1
ASV_2941	0	0	0	1
ASV_2942	0	0	0	1
ASV_2943	0	0	0	1
ASV_2944	0	0	0	1
ASV_2945	0	0	0	1
ASV_2946	0	0	0	1
ASV_2947	0	0	0	1
ASV_2948	0	0	0	1
ASV_2949	0	0	0	1
ASV_2950	0	0	0	1
ASV_2951	0	0	0	1
ASV_2952	0	0	0	1
ASV_2953	0	0	0	1
ASV_2954	0	0	0	1
ASV_2955	0	0	0	1
ASV_2956	0	0	0	1
ASV_2957	0	0	0	1
ASV_2958	0	0	0	1
ASV_2959	0	0	0	1
ASV_2960	0	0	0	1
ASV_2961	0	0	0	1
ASV_2962	0	0	0	1
ASV_2963	0	0	0	1
ASV_2964	0	0	0	1
ASV_2965	0	0	0	1
ASV_2966	0	0	0	1
ASV_2967	0	0	0	1
ASV_2968	0	0	0	1
ASV_2969	0	0	0	1
ASV_2970	0	0	0	1
ASV_2971	0	0	0	1
ASV_2972	0	0	0	1
ASV_2973	0	0	0	1
ASV_2974	0	0	0	1
ASV_2975	0	0	0	1
ASV_2976	0	0	0	1
ASV_2977	0	0	0	1
ASV_2978	0	0	0	1
ASV_2979	0	0	0	1
ASV_2980	0	0	0	1
ASV_2981	0	0	0	1
ASV_2982	0	0	0	1
ASV_2983	0	0	0	1
ASV_2984	0	0	0	1
ASV_2985	0	0	0	1
ASV_2986	0	0	0	1
ASV_2987	0	0	0	1
ASV_2988	0	0	0	1
ASV_2989	0	0	0	1
ASV_2990	0	0	0	1
ASV_2991	0	0	0	1
ASV_2992	0	0	0	1
ASV_2993	0	0	0	1
ASV_2994	0	0	0	1
ASV_2995	0	0	0	1
ASV_2996	0	0	0	1
ASV_2997	0	0	0	1
ASV_2998	0	0	0	1
ASV_2999	0	0	0	1
ASV_3000	0	0	0	1
ASV_3001	0	0	0	1
ASV_3002	0	0	0	1
ASV_3003	0	0	0	1
ASV_3004	0	0	0	1
ASV_3005	0	0	0	1
ASV_3006	0	0	0	1
ASV_3007	0	0	0	1
ASV_3008	0	0	0	1
ASV_3009	0	0	0	1
ASV_3010	0	0	0	1
ASV_3011	0	0	0	1
ASV_3012	0	0	0	1
ASV_3013	0	0	0	1
ASV_3014	0	0	0	1
ASV_3015	0	0	0	1
ASV_3016	0	0	0	1
ASV_3017	0	0	0	1
ASV_3018	0	0	0	1
ASV_3019	0	0	0	1
ASV_3020	0	0	0	1
ASV_3021	0	0	0	1
ASV_3022	0	0	0	1
ASV_3023	0	0	0	1
ASV_3024	0	0	0	1
ASV_3025	0	0	0	1
ASV_3026	0	0	0	1
ASV_3027	0	0	0	1
ASV_3028	0	0	0	1
ASV_3029	0	0	0	1
ASV_3030	0	0	0	1
ASV_3031	0	0	0	1
ASV_3032	0	0	0	1
ASV_3033	0	0	0	1
ASV_3034	0	0	0	1
ASV_3035	0	0	0	1
ASV_3036	0	0	0	1
ASV_3037	0	0	0	1
ASV_3038	0	0	0	1
ASV_3039	0	0	0	1
ASV_3040	0	0	0	1
ASV_3041	0	0	0	1
ASV_3042	0	0	0	1
ASV_3043	0	0	0	1
ASV_3044	0	0	0	1
ASV_3045	0	0	0	1
ASV_3046	0	0	0	1
ASV_3047	0	0	0	1
ASV_3048	0	0	0	1
ASV_3049	0	0	0	1
ASV_3050	0	0	0	1
ASV_3051	0	0	0	1
ASV_3052	0	0	0	1
ASV_3053	0	0	0	1
ASV_3054	0	0	0	1
ASV_3055	0	0	0	1
ASV_3056	0	0	0	1
ASV_3057	0	0	0	1
ASV_3058	0	0	0	1
ASV_3059	0	0	0	1
ASV_3060	0	0	0	1
ASV_3061	0	0	0	1
ASV_3062	0	0	0	1
ASV_3063	0	0	0	1
ASV_3064	0	0	0	1
ASV_3065	0	0	0	1
ASV_3066	0	0	0	1
ASV_3067	0	0	0	1
ASV_3068	0	0	0	1
ASV_3069	0	0	0	1
ASV_3070	0	0	0	1
ASV_3071	0	0	0	1
ASV_3072	0	0	0	1
ASV_3073	0	0	0	1
ASV_3074	0	0	0	1
ASV_3075	0	0	0	1
ASV_3076	0	0	0	1
ASV_3077	0	0	0	1
ASV_3078	0	0	0	1
ASV_3079	0	0	0	1
ASV_3080	0	0	0	1
ASV_3081	0	0	0	1
ASV_3082	0	0	0	1
ASV_3083	0	0	0	1
ASV_3084	0	0	0	1
ASV_3085	0	0	0	1
ASV_3086	0	0	0	1
ASV_3087	0	0	0	1
ASV_3088	0	0	0	1
ASV_3089	0	0	0	1
ASV_3090	0	0	0	1
ASV_3091	0	0	0	1
ASV_3092	0	0	0	1
ASV_3093	0	0	0	1
ASV_3094	0	0	0	1
ASV_3095	0	0	0	1
ASV_3096	0	0	0	1
ASV_3097	0	0	0	1
ASV_3098	0	0	0	1
ASV_3099	0	0	0	1
ASV_3100	0	0	0	1
ASV_3101	0	0	0	1
ASV_3102	0	0	0	1
ASV_3103	0	0	0	1
ASV_3104	0	0	0	1
ASV_3105	0	0	0	1
ASV_3106	0	0	0	1
ASV_3107	0	0	0	1
ASV_3108	0	0	0	1
ASV_3109	0	0	0	1
ASV_3110	0	0	0	1
ASV_3111	0	0	0	1
ASV_3112	0	0	0	1
ASV_3113	0	0	0	1
ASV_3114	0	0	0	1
ASV_3115	0	0	0	1
ASV_3116	0	0	0	1
ASV_3117	0	0	0	1
ASV_3118	0	0	0	1
ASV_3119	0	0	0	1
ASV_3120	0	0	0	1
ASV_3121	0	0	0	1
ASV_3122	0	0	0	1
ASV_3123	0	0	0	1
ASV_3124	0	0	0	1
ASV_3125	0	0	0	1
ASV_3126	0	0	0	1
ASV_3127	0	0	0	1
ASV_3128	0	0	0	1
ASV_3129	0	0	0	1
ASV_3130	0	0	0	1
ASV_3131	0	0	0	1
ASV_3132	0	0	0	1
ASV_3133	0	0	0	1
ASV_3134	0	0	0	1
ASV_3135	0	0	0	1
ASV_3136	0	0	0	1
ASV_3137	0	0	0	1
ASV_3138	0	0	0	1
ASV_3139	0	0	0	1
ASV_3140	0	0	0	1
ASV_3141	0	0	0	1
ASV_3142	0	0	0	1
ASV_3143	0	0	0	1
ASV_3144	0	0	0	1
ASV_3145	0	0	0	1
ASV_3146	0	0	0	1
ASV_3147	0	0	0	1
ASV_3148	0	0	0	1
ASV_3149	0	0	0	1
ASV_3150	0	0	0	1
ASV_3151	0	0	0	1
ASV_3152	0	0	0	1
ASV_3153	0	0	0	1
ASV_3154	0	0	0	1
ASV_3155	0	0	0	1
ASV_3156	0	0	0	1
ASV_3157	0	0	0	1
ASV_3158	0	0	0	1
ASV_3159	0	0	0	1
ASV_3160	0	0	0	1
ASV_3161	0	0	0	1
ASV_3162	0	0	0	1
ASV_3163	0	0	0	1
ASV_3164	0	0	0	1
ASV_3165	0	0	0	1
ASV_3166	0	0	0	1
ASV_3167	0	0	0	1
ASV_3168	0	0	0	1
ASV_3169	0	0	0	1
ASV_3170	0	0	0	1
ASV_3171	0	0	0	1
ASV_3172	0	0	0	1
ASV_3173	0	0	0	1
ASV_3174	0	0	0	1
ASV_3175	0	0	0	1
ASV_3176	0	0	0	1
