	T0_1	T0_2	T63_1	T63_2
ASV_1	3841	3732	103	128
ASV_2	2661	3662	23	41
ASV_3	52	29	1586	2359
ASV_4	221	168	348	576
ASV_5	971	944	189	243
ASV_6	1128	1023	61	9
ASV_7	11	9	1850	2992
ASV_8	2093	1413	0	0
ASV_9	589	598	4	6
ASV_10	726	534	13	0
ASV_11	94	86	680	575
ASV_12	505	486	5	15
ASV_13	391	402	5	7
ASV_14	586	484	51	58
ASV_15	4	5	836	649
ASV_16	475	350	20	4
ASV_17	539	356	18	22
ASV_18	239	263	76	31
ASV_19	52	44	494	545
ASV_20	66	82	371	216
ASV_21	25	17	233	225
ASV_22	302	282	67	68
ASV_23	322	335	36	7
ASV_24	4	3	841	636
ASV_25	8	6	14	28
ASV_26	368	276	1	1
ASV_27	0	0	171	1066
ASV_28	3	6	727	383
ASV_29	22	13	183	124
ASV_30	16	8	292	302
ASV_31	0	1	493	544
ASV_32	235	186	1	2
ASV_33	358	172	0	1
ASV_34	240	194	5	5
ASV_35	1	0	351	244
ASV_36	2	6	261	427
ASV_37	11	15	16	14
ASV_38	2	3	247	432
ASV_39	234	158	7	8
ASV_40	82	133	26	8
ASV_41	8	4	122	133
ASV_42	259	296	55	109
ASV_43	129	114	89	81
ASV_44	124	153	78	120
ASV_45	89	55	104	81
ASV_46	198	345	6	33
ASV_47	204	125	0	0
ASV_48	2	3	154	148
ASV_49	15	7	21	59
ASV_50	46	48	24	8
ASV_51	242	146	0	0
ASV_52	149	132	0	0
ASV_53	0	0	328	225
ASV_54	2	5	33	43
ASV_55	97	158	7	18
ASV_56	79	57	18	41
ASV_57	31	81	0	0
ASV_58	145	116	1	1
ASV_59	128	113	87	50
ASV_60	51	14	124	76
ASV_61	160	122	2	0
ASV_62	45	120	0	1
ASV_63	0	2	10	3
ASV_64	156	234	20	20
ASV_65	0	0	282	141
ASV_66	70	54	13	15
ASV_67	151	93	0	0
ASV_68	0	3	85	58
ASV_69	1	2	204	174
ASV_70	4	0	136	147
ASV_71	61	76	24	12
ASV_72	115	210	22	41
ASV_73	76	79	2	0
ASV_74	32	109	0	0
ASV_75	1	0	61	273
ASV_76	14	10	71	91
ASV_77	46	39	21	10
ASV_78	0	0	104	146
ASV_79	3	0	36	50
ASV_80	61	64	1	3
ASV_81	3	5	77	79
ASV_82	7	0	51	213
ASV_83	104	125	24	63
ASV_84	82	52	0	0
ASV_85	38	23	34	23
ASV_86	2	5	6	3
ASV_87	4	5	31	50
ASV_88	103	70	6	10
ASV_89	46	69	0	0
ASV_90	61	42	5	11
ASV_91	57	74	0	0
ASV_92	50	47	2	3
ASV_93	42	53	5	6
ASV_94	55	34	17	5
ASV_95	68	59	0	0
ASV_96	75	56	5	1
ASV_97	95	83	2	0
ASV_98	70	86	3	13
ASV_99	1	0	175	90
ASV_100	1	1	70	22
ASV_101	51	31	19	12
ASV_102	0	0	85	96
ASV_103	38	66	1	0
ASV_104	29	53	15	8
ASV_105	62	48	1	0
ASV_106	9	18	80	77
ASV_107	3	3	52	19
ASV_108	51	46	25	14
ASV_109	63	56	0	3
ASV_110	7	13	42	16
ASV_111	69	41	1	0
ASV_112	2	0	69	85
ASV_113	7	2	65	111
ASV_114	29	36	33	16
ASV_115	59	58	0	1
ASV_116	0	1	69	12
ASV_117	7	4	35	78
ASV_118	0	0	143	76
ASV_119	0	1	30	120
ASV_120	36	44	0	1
ASV_121	26	12	10	3
ASV_122	38	52	2	4
ASV_123	0	0	5	9
ASV_124	3	0	47	101
ASV_125	33	37	2	1
ASV_126	47	39	0	0
ASV_127	53	77	1	1
ASV_128	30	20	0	1
ASV_129	2	0	26	92
ASV_130	37	33	32	38
ASV_131	45	54	0	1
ASV_132	40	35	5	3
ASV_133	1	7	41	33
ASV_134	38	31	13	31
ASV_135	31	17	12	5
ASV_136	9	1	44	79
ASV_137	1	1	30	20
ASV_138	43	43	0	0
ASV_139	50	65	0	0
ASV_140	28	29	1	1
ASV_141	33	48	1	2
ASV_142	0	0	22	11
ASV_143	33	26	0	2
ASV_144	28	18	2	0
ASV_145	63	59	5	20
ASV_146	19	11	25	29
ASV_147	3	8	2	15
ASV_148	34	51	0	0
ASV_149	36	37	0	0
ASV_150	24	16	3	4
ASV_151	47	36	6	8
ASV_152	6	4	33	22
ASV_153	8	18	0	0
ASV_154	1	0	73	59
ASV_155	1	1	15	16
ASV_156	2	0	31	23
ASV_157	16	24	2	7
ASV_158	36	16	1	1
ASV_159	24	20	4	0
ASV_160	0	0	66	66
ASV_161	19	22	3	4
ASV_162	20	35	0	0
ASV_163	45	37	2	6
ASV_164	1	1	91	35
ASV_165	28	34	0	0
ASV_166	0	0	2	13
ASV_167	28	17	1	0
ASV_168	26	57	0	1
ASV_169	3	3	23	20
ASV_170	2	3	34	38
ASV_171	1	1	24	77
ASV_172	21	44	0	0
ASV_173	17	29	7	19
ASV_174	25	17	0	0
ASV_175	25	34	1	0
ASV_176	0	0	41	71
ASV_177	32	21	6	0
ASV_178	1	0	92	22
ASV_179	24	25	5	1
ASV_180	2	2	13	6
ASV_181	17	35	0	1
ASV_182	18	19	0	0
ASV_183	20	14	1	1
ASV_184	23	25	0	1
ASV_185	0	1	8	8
ASV_186	1	3	31	59
ASV_187	20	23	3	1
ASV_188	29	20	3	7
ASV_189	9	9	25	17
ASV_190	0	1	76	6
ASV_191	1	0	71	31
ASV_192	25	31	0	0
ASV_193	3	4	7	11
ASV_194	0	1	14	14
ASV_195	3	0	53	45
ASV_196	11	13	11	26
ASV_197	1	0	36	17
ASV_198	0	0	45	27
ASV_199	7	4	20	39
ASV_200	0	0	12	31
ASV_201	30	23	0	0
ASV_202	30	32	15	12
ASV_203	18	31	0	0
ASV_204	25	22	0	1
ASV_205	13	0	37	44
ASV_206	1	0	29	34
ASV_207	31	23	0	0
ASV_208	24	24	0	0
ASV_209	27	22	8	2
ASV_210	6	8	1	1
ASV_211	3	0	12	12
ASV_212	0	0	10	20
ASV_213	0	0	60	25
ASV_214	28	44	8	12
ASV_215	14	13	6	0
ASV_216	24	18	0	0
ASV_217	21	10	4	3
ASV_218	15	26	0	0
ASV_219	14	11	0	0
ASV_220	16	19	0	0
ASV_221	7	1	11	6
ASV_222	0	0	2	8
ASV_223	0	0	54	21
ASV_224	1	0	45	7
ASV_225	27	13	0	0
ASV_226	0	0	44	36
ASV_227	18	19	2	5
ASV_228	0	0	34	21
ASV_229	10	10	0	2
ASV_230	11	14	0	4
ASV_231	3	0	16	10
ASV_232	20	13	0	0
ASV_233	2	0	1	1
ASV_234	0	0	26	20
ASV_235	17	12	1	1
ASV_236	21	9	4	1
ASV_237	3	11	6	2
ASV_238	0	0	31	30
ASV_239	15	11	0	0
ASV_240	17	15	3	1
ASV_241	21	53	3	4
ASV_242	10	10	1	1
ASV_243	24	23	0	1
ASV_244	21	16	3	3
ASV_245	17	21	2	0
ASV_246	19	30	0	1
ASV_247	13	12	6	2
ASV_248	24	23	0	3
ASV_249	2	0	17	28
ASV_250	1	1	5	0
ASV_251	0	1	41	27
ASV_252	15	16	2	0
ASV_253	0	0	45	30
ASV_254	0	0	36	36
ASV_255	9	10	0	0
ASV_256	10	11	4	0
ASV_257	0	2	11	6
ASV_258	23	17	5	3
ASV_259	0	0	42	28
ASV_260	10	17	0	1
ASV_261	10	9	0	0
ASV_262	55	3	0	0
ASV_263	25	37	2	3
ASV_264	0	0	52	14
ASV_265	15	13	0	0
ASV_266	13	22	0	0
ASV_267	18	18	0	0
ASV_268	0	0	5	5
ASV_269	0	0	17	12
ASV_270	2	6	4	13
ASV_271	5	0	5	7
ASV_272	0	0	2	1
ASV_273	0	3	27	38
ASV_274	23	11	0	0
ASV_275	2	0	33	30
ASV_276	15	18	0	0
ASV_277	11	9	2	2
ASV_278	0	0	29	27
ASV_279	1	0	35	14
ASV_280	2	6	2	3
ASV_281	12	6	2	2
ASV_282	17	10	0	0
ASV_283	18	19	1	0
ASV_284	0	14	0	0
ASV_285	0	0	21	14
ASV_286	19	13	0	0
ASV_287	14	8	3	5
ASV_288	8	6	2	0
ASV_289	0	0	0	1
ASV_290	8	34	4	9
ASV_291	0	0	20	26
ASV_292	0	0	12	35
ASV_293	28	22	3	7
ASV_294	3	16	3	0
ASV_295	7	2	14	9
ASV_296	0	0	27	32
ASV_297	17	12	0	0
ASV_298	23	8	0	0
ASV_299	1	0	18	18
ASV_300	13	4	0	0
ASV_301	1	0	9	6
ASV_302	0	0	12	26
ASV_303	0	0	24	32
ASV_304	0	0	17	18
ASV_305	2	3	5	38
ASV_306	9	12	0	0
ASV_307	2	2	24	16
ASV_308	19	28	2	4
ASV_309	11	18	0	1
ASV_310	10	11	2	1
ASV_311	5	11	0	1
ASV_312	1	1	2	9
ASV_313	1	0	11	6
ASV_314	2	1	35	12
ASV_315	14	5	0	0
ASV_316	0	3	0	0
ASV_317	14	25	4	5
ASV_318	11	5	0	1
ASV_319	0	2	0	3
ASV_320	1	1	15	27
ASV_321	0	2	29	13
ASV_322	0	0	11	8
ASV_323	0	0	1	1
ASV_324	0	0	16	18
ASV_325	4	3	8	31
ASV_326	15	5	0	2
ASV_327	16	8	0	0
ASV_328	2	3	3	1
ASV_329	6	13	0	0
ASV_330	7	10	0	13
ASV_331	8	9	0	0
ASV_332	8	12	3	1
ASV_333	4	14	2	0
ASV_334	1	0	10	15
ASV_335	17	21	3	4
ASV_336	9	12	0	0
ASV_337	12	3	0	0
ASV_338	0	1	18	13
ASV_339	4	9	0	0
ASV_340	5	5	0	0
ASV_341	7	7	0	0
ASV_342	13	1	4	1
ASV_343	0	0	6	4
ASV_344	7	5	0	2
ASV_345	8	9	0	0
ASV_346	10	13	0	0
ASV_347	11	10	0	0
ASV_348	0	0	7	18
ASV_349	0	0	6	13
ASV_350	0	0	2	2
ASV_351	11	3	0	1
ASV_352	0	2	15	14
ASV_353	0	3	2	4
ASV_354	5	4	2	1
ASV_355	0	0	7	19
ASV_356	1	0	14	21
ASV_357	0	0	8	8
ASV_358	1	0	16	20
ASV_359	1	0	7	2
ASV_360	1	1	18	14
ASV_361	0	0	33	6
ASV_362	0	0	16	25
ASV_363	5	4	0	0
ASV_364	9	9	0	1
ASV_365	7	17	0	0
ASV_366	1	0	13	4
ASV_367	0	0	3	10
ASV_368	1	3	11	5
ASV_369	0	1	14	3
ASV_370	5	6	0	0
ASV_371	4	7	0	0
ASV_372	12	2	1	1
ASV_373	9	11	0	0
ASV_374	0	0	1	2
ASV_375	0	0	0	1
ASV_376	0	0	2	1
ASV_377	0	0	20	17
ASV_378	4	0	19	16
ASV_379	4	8	1	0
ASV_380	7	3	2	1
ASV_381	6	16	0	0
ASV_382	0	0	13	15
ASV_383	0	0	7	31
ASV_384	5	12	1	2
ASV_385	7	9	1	0
ASV_386	0	0	7	2
ASV_387	1	2	2	1
ASV_388	0	0	10	15
ASV_389	0	1	12	18
ASV_390	1	0	13	11
ASV_391	16	12	5	3
ASV_392	1	0	7	28
ASV_393	10	4	0	0
ASV_394	8	5	0	0
ASV_395	4	7	5	4
ASV_396	0	2	4	5
ASV_397	6	5	0	0
ASV_398	5	7	0	0
ASV_399	9	8	2	0
ASV_400	8	9	1	0
ASV_401	7	9	0	0
ASV_402	4	2	3	0
ASV_403	0	0	6	18
ASV_404	18	12	4	1
ASV_405	9	2	0	0
ASV_406	12	8	0	3
ASV_407	9	4	0	0
ASV_408	2	4	0	0
ASV_409	0	3	14	14
ASV_411	2	11	0	0
ASV_412	3	1	2	0
ASV_413	5	0	2	1
ASV_414	0	0	5	22
ASV_415	1	3	11	3
ASV_416	4	9	0	0
ASV_417	8	4	0	2
ASV_418	5	10	0	0
ASV_419	2	6	1	2
ASV_420	0	3	0	1
ASV_421	7	12	7	3
ASV_422	0	0	24	2
ASV_423	4	8	0	0
ASV_424	3	9	0	0
ASV_425	6	8	0	0
ASV_426	0	1	2	1
ASV_427	0	1	2	3
ASV_428	0	0	4	6
ASV_429	0	0	9	12
ASV_430	4	6	1	1
ASV_431	1	5	1	0
ASV_432	4	0	7	2
ASV_433	3	2	2	5
ASV_434	1	2	2	4
ASV_435	1	0	11	5
ASV_436	0	2	4	11
ASV_437	2	0	6	15
ASV_438	0	0	9	9
ASV_439	0	0	18	11
ASV_440	1	3	6	5
ASV_441	5	2	1	0
ASV_442	0	0	9	0
ASV_443	3	3	1	1
ASV_444	1	0	9	3
ASV_445	0	2	1	0
ASV_446	0	1	6	6
ASV_447	5	7	5	4
ASV_448	0	0	12	16
ASV_449	0	1	10	18
ASV_450	3	8	0	0
ASV_451	12	11	0	0
ASV_452	0	2	4	5
ASV_453	0	0	15	9
ASV_454	0	0	2	4
ASV_455	0	0	10	11
ASV_456	0	0	10	6
ASV_457	1	0	17	10
ASV_458	3	4	0	0
ASV_459	3	7	1	0
ASV_460	5	3	0	0
ASV_461	0	0	14	7
ASV_462	0	1	4	14
ASV_463	3	1	0	2
ASV_464	0	0	2	0
ASV_465	9	13	1	0
ASV_466	2	6	2	2
ASV_467	1	2	5	3
ASV_468	3	0	1	1
ASV_469	0	0	11	3
ASV_470	2	1	4	3
ASV_471	0	0	1	1
ASV_472	0	1	4	16
ASV_473	0	0	16	6
ASV_474	0	0	6	17
ASV_475	8	15	1	2
ASV_476	1	0	0	11
ASV_477	7	13	1	2
ASV_478	0	0	12	10
ASV_479	0	0	9	8
ASV_480	6	0	0	0
ASV_481	5	4	0	0
ASV_482	7	9	5	1
ASV_483	0	0	4	8
ASV_484	0	0	1	3
ASV_485	0	0	3	3
ASV_486	6	8	2	4
ASV_487	0	0	12	6
ASV_488	0	0	7	7
ASV_489	2	0	16	6
ASV_490	1	0	13	10
ASV_491	3	2	0	0
ASV_492	7	5	0	0
ASV_493	0	2	2	1
ASV_494	0	0	9	7
ASV_495	2	0	1	0
ASV_496	0	0	12	10
ASV_498	0	3	1	0
ASV_499	1	1	1	3
ASV_500	1	3	5	3
ASV_501	0	0	11	5
ASV_502	15	6	2	0
ASV_503	1	0	16	6
ASV_504	3	4	1	0
ASV_505	8	7	0	1
ASV_506	2	2	1	1
ASV_507	0	2	5	14
ASV_508	4	4	0	0
ASV_509	4	7	0	0
ASV_510	2	0	2	3
ASV_511	4	8	0	1
ASV_513	2	0	0	1
ASV_514	6	6	5	1
ASV_515	2	1	1	0
ASV_516	1	0	1	1
ASV_517	0	0	1	0
ASV_518	0	0	5	3
ASV_519	0	0	3	6
ASV_520	1	0	6	8
ASV_521	0	5	10	6
ASV_522	0	0	12	9
ASV_523	0	0	10	11
ASV_524	0	0	9	12
ASV_525	3	2	0	0
ASV_526	1	1	2	2
ASV_527	7	2	0	0
ASV_528	1	0	0	0
ASV_529	6	2	0	1
ASV_530	0	0	2	1
ASV_531	5	5	0	0
ASV_532	8	4	0	0
ASV_533	2	3	0	0
ASV_534	1	3	2	0
ASV_535	1	1	1	1
ASV_536	0	1	3	4
ASV_537	0	0	1	3
ASV_538	1	1	4	2
ASV_539	0	0	2	2
ASV_540	0	0	7	4
ASV_541	0	4	2	7
ASV_542	1	0	15	4
ASV_543	0	0	13	7
ASV_544	0	0	7	13
ASV_545	0	3	0	0
ASV_546	5	2	0	2
ASV_547	0	0	0	1
ASV_548	0	0	6	7
ASV_549	0	0	3	4
ASV_550	6	6	0	0
ASV_551	1	3	2	2
ASV_552	2	0	8	1
ASV_553	2	1	5	10
ASV_554	1	2	3	4
ASV_555	0	0	7	5
ASV_556	0	0	12	0
ASV_557	1	0	4	11
ASV_558	0	0	9	6
ASV_559	0	0	3	2
ASV_560	0	0	5	7
ASV_561	0	0	17	2
ASV_562	3	1	0	0
ASV_563	2	5	0	0
ASV_564	1	1	1	0
ASV_566	1	0	0	1
ASV_567	0	0	7	1
ASV_568	1	0	4	4
ASV_569	3	0	3	2
ASV_570	1	1	8	2
ASV_571	0	0	7	8
ASV_572	6	3	0	0
ASV_573	2	6	0	0
ASV_574	4	5	0	2
ASV_575	6	3	1	3
ASV_576	0	4	2	0
ASV_577	2	12	0	1
ASV_578	5	10	0	0
ASV_579	8	7	1	0
ASV_580	1	0	2	0
ASV_581	0	0	8	3
ASV_582	2	0	0	1
ASV_583	0	0	3	4
ASV_584	0	0	10	0
ASV_585	1	0	8	1
ASV_586	0	0	5	6
ASV_587	0	0	7	10
ASV_588	0	0	4	13
ASV_589	3	1	0	0
ASV_590	3	4	0	0
ASV_591	2	4	0	0
ASV_592	2	3	0	0
ASV_593	1	0	0	4
ASV_594	0	1	1	0
ASV_595	6	5	0	0
ASV_596	2	4	0	3
ASV_597	0	10	0	0
ASV_598	0	0	7	2
ASV_599	4	3	4	2
ASV_600	0	2	1	0
ASV_601	0	0	2	4
ASV_603	0	0	5	4
ASV_604	0	0	10	4
ASV_605	0	0	2	5
ASV_606	8	3	2	3
ASV_607	3	1	1	0
ASV_608	1	5	2	0
ASV_609	6	3	0	0
ASV_610	3	2	0	0
ASV_611	3	2	1	0
ASV_612	4	1	0	1
ASV_613	0	0	2	1
ASV_614	0	0	3	1
ASV_615	5	1	3	3
ASV_616	3	5	0	0
ASV_617	3	4	1	1
ASV_618	0	0	1	0
ASV_619	0	0	1	3
ASV_620	0	0	11	4
ASV_621	0	0	10	5
ASV_622	0	0	3	12
ASV_623	3	1	0	0
ASV_624	1	3	1	0
ASV_625	2	3	0	0
ASV_626	2	1	0	0
ASV_627	3	4	0	0
ASV_628	6	0	0	0
ASV_629	3	3	0	1
ASV_630	3	3	0	0
ASV_631	0	0	5	0
ASV_632	1	0	1	3
ASV_633	0	0	2	1
ASV_634	0	0	1	1
ASV_635	0	0	3	4
ASV_636	0	0	1	6
ASV_637	0	0	4	3
ASV_638	0	1	1	11
ASV_639	1	1	4	8
ASV_640	1	3	0	0
ASV_641	1	5	0	0
ASV_642	2	0	0	1
ASV_643	0	3	0	0
ASV_644	3	1	0	0
ASV_645	3	1	1	5
ASV_646	8	4	0	0
ASV_647	0	0	0	5
ASV_648	2	0	0	1
ASV_649	0	0	3	2
ASV_650	1	0	1	3
ASV_651	0	0	6	4
ASV_652	0	1	0	4
ASV_653	0	0	7	1
ASV_654	0	0	1	1
ASV_655	0	0	9	3
ASV_656	1	0	6	4
ASV_657	0	0	9	2
ASV_658	0	0	1	7
ASV_659	6	5	0	1
ASV_660	0	1	2	9
ASV_661	1	0	8	4
ASV_662	0	0	5	8
ASV_663	3	2	0	0
ASV_664	2	5	0	0
ASV_665	0	5	0	0
ASV_666	0	1	0	0
ASV_667	0	0	0	3
ASV_668	0	0	2	0
ASV_669	1	0	4	0
ASV_670	0	0	2	3
ASV_671	1	0	3	2
ASV_672	0	0	6	0
ASV_673	0	2	1	0
ASV_674	0	0	3	3
ASV_675	0	0	7	0
ASV_676	0	0	6	1
ASV_677	0	0	6	5
ASV_678	6	0	0	1
ASV_679	3	2	0	0
ASV_680	0	1	3	1
ASV_681	0	0	3	0
ASV_682	0	2	0	0
ASV_683	0	2	0	0
ASV_684	1	0	0	0
ASV_685	1	2	0	0
ASV_686	0	2	5	1
ASV_687	2	3	0	0
ASV_690	0	2	0	0
ASV_691	0	0	3	0
ASV_692	3	0	0	1
ASV_693	1	0	2	3
ASV_694	0	0	1	6
ASV_695	0	0	1	1
ASV_696	0	0	1	3
ASV_697	0	0	2	6
ASV_698	1	0	2	3
ASV_699	4	4	2	0
ASV_700	0	1	0	3
ASV_701	0	0	7	2
ASV_702	0	0	5	4
ASV_703	3	4	1	3
ASV_704	0	11	0	0
ASV_705	0	0	9	2
ASV_706	0	0	6	5
ASV_708	0	3	0	0
ASV_709	0	3	0	0
ASV_710	0	2	0	1
ASV_711	4	1	0	0
ASV_712	0	1	0	1
ASV_713	1	1	0	0
ASV_714	2	0	0	0
ASV_715	3	0	0	0
ASV_716	5	2	0	0
ASV_717	1	3	2	0
ASV_718	0	2	2	0
ASV_719	3	4	0	0
ASV_720	2	0	0	0
ASV_721	4	1	1	0
ASV_722	2	1	1	0
ASV_723	0	0	2	0
ASV_725	1	0	1	3
ASV_726	0	2	0	1
ASV_728	0	0	5	2
ASV_729	0	3	4	0
ASV_730	0	0	4	5
ASV_731	2	3	1	3
ASV_732	3	0	5	1
ASV_733	0	1	3	6
ASV_734	0	0	3	7
ASV_735	0	0	0	10
ASV_736	0	1	0	1
ASV_737	1	2	0	0
ASV_738	1	1	0	0
ASV_739	2	2	0	0
ASV_740	1	2	0	0
ASV_741	2	2	0	0
ASV_742	3	1	0	0
ASV_743	2	2	0	0
ASV_744	1	0	0	0
ASV_745	2	4	0	0
ASV_747	0	2	2	1
ASV_748	0	0	2	1
ASV_749	3	2	0	0
ASV_750	2	0	0	0
ASV_751	2	2	1	0
ASV_752	6	0	1	0
ASV_753	0	3	0	0
ASV_754	2	2	0	0
ASV_755	0	0	0	1
ASV_756	0	3	0	0
ASV_758	0	2	0	0
ASV_760	0	0	2	4
ASV_761	0	0	2	1
ASV_762	1	0	0	0
ASV_763	2	1	3	2
ASV_764	1	0	4	3
ASV_765	0	0	0	7
ASV_766	0	0	2	1
ASV_767	0	1	4	3
ASV_768	0	0	6	3
ASV_769	0	0	4	5
ASV_771	0	2	1	1
ASV_772	1	3	0	0
ASV_773	1	2	1	0
ASV_774	3	1	0	0
ASV_775	3	3	0	0
ASV_776	2	1	0	0
ASV_777	0	0	1	4
ASV_778	1	3	1	0
ASV_779	2	0	2	0
ASV_780	1	2	2	1
ASV_781	4	0	1	1
ASV_782	0	1	0	0
ASV_784	0	0	3	0
ASV_786	2	4	0	0
ASV_787	0	0	5	1
ASV_788	5	2	0	0
ASV_789	0	0	3	3
ASV_790	0	0	1	0
ASV_792	2	0	0	0
ASV_795	0	0	1	2
ASV_796	2	0	1	1
ASV_797	0	4	0	1
ASV_798	0	0	1	3
ASV_799	1	0	0	5
ASV_800	0	0	1	1
ASV_801	0	0	1	3
ASV_802	0	0	7	0
ASV_803	2	2	1	3
ASV_804	2	0	5	1
ASV_805	1	3	3	1
ASV_806	1	2	1	4
ASV_807	0	0	3	5
ASV_808	0	0	2	6
ASV_809	2	0	0	0
ASV_810	0	1	0	0
ASV_811	2	1	0	0
ASV_812	1	2	0	0
ASV_813	4	1	0	0
ASV_815	4	1	0	0
ASV_816	2	1	0	0
ASV_817	0	2	0	0
ASV_818	0	0	1	0
ASV_819	3	2	0	0
ASV_820	2	2	0	0
ASV_821	3	1	1	0
ASV_822	2	1	0	0
ASV_823	0	0	1	1
ASV_824	0	1	0	0
ASV_825	0	0	1	0
ASV_827	2	1	0	0
ASV_828	0	0	2	4
ASV_829	0	1	0	0
ASV_830	0	1	0	1
ASV_831	0	0	1	0
ASV_832	0	1	0	0
ASV_833	0	0	2	3
ASV_834	0	0	3	2
ASV_835	0	0	2	0
ASV_836	4	0	1	2
ASV_837	2	0	3	2
ASV_838	2	4	0	1
ASV_839	0	0	7	0
ASV_840	0	0	2	5
ASV_841	0	1	0	0
ASV_843	2	0	0	0
ASV_844	2	0	0	0
ASV_845	1	0	0	0
ASV_847	0	2	0	0
ASV_848	0	5	0	0
ASV_849	0	2	1	1
ASV_851	0	3	0	0
ASV_852	2	0	0	0
ASV_853	0	3	0	0
ASV_854	2	1	0	0
ASV_855	0	1	0	0
ASV_857	0	0	0	2
ASV_858	0	1	1	0
ASV_861	0	0	2	0
ASV_862	0	0	2	2
ASV_863	0	0	2	0
ASV_864	0	0	1	1
ASV_865	0	0	3	1
ASV_866	0	2	2	0
ASV_867	0	0	0	3
ASV_868	0	0	0	3
ASV_869	1	1	1	1
ASV_870	3	3	0	0
ASV_871	1	5	0	0
ASV_872	1	4	0	1
ASV_873	0	3	1	2
ASV_874	0	0	6	0
ASV_875	0	0	3	3
ASV_876	0	0	2	4
ASV_877	0	0	0	6
ASV_880	0	1	0	0
ASV_881	1	1	0	0
ASV_883	0	0	0	2
ASV_884	0	2	2	0
ASV_885	2	0	0	0
ASV_886	0	2	0	0
ASV_887	0	0	1	1
ASV_888	0	1	0	0
ASV_889	2	1	0	0
ASV_890	1	2	0	0
ASV_892	0	1	1	1
ASV_893	0	0	1	0
ASV_894	0	0	4	0
ASV_895	2	0	1	0
ASV_899	2	0	0	1
ASV_900	0	4	0	0
ASV_901	0	0	3	0
ASV_902	0	4	0	0
ASV_903	1	0	0	0
ASV_904	1	1	0	1
ASV_906	0	0	0	1
ASV_907	0	0	1	0
ASV_908	0	1	0	0
ASV_909	0	0	0	1
ASV_910	0	1	0	1
ASV_911	0	0	0	1
ASV_912	0	0	0	2
ASV_913	0	0	2	1
ASV_914	0	0	1	1
ASV_915	0	0	2	0
ASV_916	0	0	0	2
ASV_917	0	0	2	0
ASV_918	0	0	2	1
ASV_919	0	0	1	1
ASV_921	0	0	1	3
ASV_922	0	0	1	0
ASV_923	0	0	0	1
ASV_924	0	0	1	0
ASV_925	0	0	1	3
ASV_926	0	0	0	4
ASV_927	0	0	3	1
ASV_928	5	0	0	0
ASV_929	3	1	1	0
ASV_930	2	3	0	0
ASV_931	2	1	0	2
ASV_932	1	0	3	1
ASV_933	1	1	2	1
ASV_934	0	5	0	0
ASV_935	0	2	0	3
ASV_936	0	1	3	1
ASV_937	0	0	5	0
ASV_938	0	0	5	0
ASV_939	0	0	5	0
ASV_940	0	0	4	1
ASV_941	0	0	2	3
ASV_942	0	0	2	3
ASV_943	0	0	2	3
ASV_944	0	0	0	5
ASV_947	0	0	1	0
ASV_950	1	1	0	0
ASV_951	0	1	0	0
ASV_952	2	0	0	0
ASV_954	0	2	0	0
ASV_955	1	1	0	0
ASV_956	1	0	0	1
ASV_958	1	2	0	0
ASV_959	0	1	0	0
ASV_960	0	2	0	0
ASV_961	0	3	0	0
ASV_963	0	0	1	1
ASV_964	3	0	0	0
ASV_966	2	1	0	0
ASV_967	3	0	0	0
ASV_972	2	0	0	0
ASV_973	0	2	0	0
ASV_974	2	0	0	0
ASV_975	0	3	0	0
ASV_976	0	0	0	3
ASV_977	1	1	0	0
ASV_978	0	1	0	1
ASV_979	0	1	0	0
ASV_980	1	0	0	0
ASV_981	1	1	0	0
ASV_982	1	2	0	0
ASV_983	2	1	0	0
ASV_984	0	1	1	1
ASV_993	0	0	1	0
ASV_996	0	0	2	0
ASV_997	0	0	2	0
ASV_998	0	2	0	0
ASV_999	0	0	0	1
ASV_1000	0	0	2	1
ASV_1001	2	0	0	1
ASV_1002	0	3	0	0
ASV_1003	2	0	0	0
ASV_1004	0	0	1	1
ASV_1005	1	0	1	1
ASV_1006	1	1	0	0
ASV_1007	3	0	0	0
ASV_1008	0	0	0	2
ASV_1009	0	0	1	1
ASV_1014	0	0	1	0
ASV_1015	0	1	0	0
ASV_1016	0	0	0	2
ASV_1017	0	0	2	0
ASV_1018	2	0	0	1
ASV_1019	0	0	2	1
ASV_1020	1	0	0	2
ASV_1021	4	0	0	0
ASV_1022	4	0	0	0
ASV_1023	4	0	0	0
ASV_1024	4	0	0	0
ASV_1025	3	1	0	0
ASV_1026	2	0	0	2
ASV_1027	2	1	0	1
ASV_1028	2	2	0	0
ASV_1029	2	0	1	1
ASV_1030	1	0	1	2
ASV_1031	1	0	0	3
ASV_1032	0	4	0	0
ASV_1033	0	4	0	0
ASV_1034	0	4	0	0
ASV_1035	0	4	0	0
ASV_1036	0	4	0	0
ASV_1037	0	4	0	0
ASV_1038	0	2	0	2
ASV_1039	0	2	0	2
ASV_1040	0	1	1	2
ASV_1041	0	0	4	0
ASV_1042	0	0	4	0
ASV_1043	0	0	4	0
ASV_1044	0	0	4	0
ASV_1045	0	0	4	0
ASV_1046	0	0	2	2
ASV_1047	0	0	2	2
ASV_1048	0	0	1	3
ASV_1049	0	0	0	4
ASV_1050	0	0	0	4
ASV_1051	0	0	0	4
ASV_1052	0	0	0	4
ASV_1053	0	0	0	4
ASV_1061	0	1	0	0
ASV_1063	0	1	0	0
ASV_1064	0	1	0	0
ASV_1065	0	1	0	0
ASV_1068	0	2	0	0
ASV_1070	0	0	0	1
ASV_1072	0	1	0	0
ASV_1074	0	2	0	0
ASV_1075	1	0	0	1
ASV_1089	0	0	0	1
ASV_1090	0	1	0	0
ASV_1093	0	1	0	0
ASV_1094	0	1	0	0
ASV_1095	0	1	0	1
ASV_1097	1	0	0	0
ASV_1098	0	0	1	1
ASV_1099	1	1	0	0
ASV_1126	0	1	0	0
ASV_1127	1	0	0	0
ASV_1128	0	1	0	0
ASV_1134	0	0	2	0
ASV_1135	0	0	1	1
ASV_1136	0	0	1	0
ASV_1137	0	0	2	0
ASV_1138	1	0	0	1
ASV_1139	1	0	0	0
ASV_1140	0	0	1	0
ASV_1141	0	0	0	2
ASV_1143	0	2	0	0
ASV_1144	0	0	2	0
ASV_1145	0	1	1	0
ASV_1146	0	2	0	0
ASV_1148	1	0	0	1
ASV_1163	0	0	0	1
ASV_1164	0	0	1	0
ASV_1165	0	0	0	1
ASV_1166	1	0	1	0
ASV_1167	0	1	1	0
ASV_1168	0	0	2	0
ASV_1169	0	0	0	2
ASV_1170	0	1	1	0
ASV_1171	0	0	2	0
ASV_1172	3	0	0	0
ASV_1173	3	0	0	0
ASV_1174	3	0	0	0
ASV_1175	3	0	0	0
ASV_1176	3	0	0	0
ASV_1177	3	0	0	0
ASV_1178	3	0	0	0
ASV_1179	3	0	0	0
ASV_1180	3	0	0	0
ASV_1181	3	0	0	0
ASV_1182	3	0	0	0
ASV_1183	3	0	0	0
ASV_1184	3	0	0	0
ASV_1185	3	0	0	0
ASV_1186	3	0	0	0
ASV_1187	3	0	0	0
ASV_1188	3	0	0	0
ASV_1189	3	0	0	0
ASV_1190	3	0	0	0
ASV_1191	3	0	0	0
ASV_1192	3	0	0	0
ASV_1193	3	0	0	0
ASV_1194	3	0	0	0
ASV_1195	3	0	0	0
ASV_1196	2	1	0	0
ASV_1197	2	0	1	0
ASV_1198	2	0	0	1
ASV_1199	2	1	0	0
ASV_1200	2	1	0	0
ASV_1201	2	1	0	0
ASV_1202	2	0	0	1
ASV_1203	1	0	0	2
ASV_1204	1	0	1	1
ASV_1205	1	2	0	0
ASV_1206	1	0	0	2
ASV_1207	1	0	0	2
ASV_1208	1	0	1	1
ASV_1209	0	3	0	0
ASV_1210	0	3	0	0
ASV_1211	0	3	0	0
ASV_1212	0	3	0	0
ASV_1213	0	3	0	0
ASV_1214	0	3	0	0
ASV_1215	0	3	0	0
ASV_1216	0	3	0	0
ASV_1217	0	3	0	0
ASV_1218	0	3	0	0
ASV_1219	0	3	0	0
ASV_1220	0	3	0	0
ASV_1221	0	3	0	0
ASV_1222	0	3	0	0
ASV_1223	0	3	0	0
ASV_1224	0	3	0	0
ASV_1225	0	3	0	0
ASV_1226	0	3	0	0
ASV_1227	0	3	0	0
ASV_1228	0	3	0	0
ASV_1229	0	3	0	0
ASV_1230	0	3	0	0
ASV_1231	0	3	0	0
ASV_1232	0	3	0	0
ASV_1233	0	3	0	0
ASV_1234	0	3	0	0
ASV_1235	0	1	2	0
ASV_1236	0	1	1	1
ASV_1237	0	0	3	0
ASV_1238	0	0	3	0
ASV_1239	0	0	3	0
ASV_1240	0	0	3	0
ASV_1241	0	0	3	0
ASV_1242	0	0	3	0
ASV_1243	0	0	3	0
ASV_1244	0	0	3	0
ASV_1245	0	0	3	0
ASV_1246	0	0	3	0
ASV_1247	0	0	3	0
ASV_1248	0	0	3	0
ASV_1249	0	0	3	0
ASV_1250	0	0	3	0
ASV_1251	0	0	3	0
ASV_1252	0	0	3	0
ASV_1253	0	0	3	0
ASV_1254	0	0	3	0
ASV_1255	0	0	3	0
ASV_1256	0	0	3	0
ASV_1257	0	0	3	0
ASV_1258	0	0	3	0
ASV_1259	0	0	3	0
ASV_1260	0	0	3	0
ASV_1261	0	0	3	0
ASV_1262	0	0	3	0
ASV_1263	0	0	3	0
ASV_1264	0	0	3	0
ASV_1265	0	0	2	1
ASV_1266	0	0	2	1
ASV_1267	0	0	2	1
ASV_1268	0	0	1	2
ASV_1269	0	0	1	2
ASV_1270	0	0	1	2
ASV_1271	0	0	1	2
ASV_1272	0	0	1	2
ASV_1273	0	0	0	3
ASV_1274	0	0	0	3
ASV_1275	0	0	0	3
ASV_1276	0	0	0	3
ASV_1277	0	0	0	3
ASV_1278	0	0	0	3
ASV_1279	0	0	0	3
ASV_1280	0	0	0	3
ASV_1281	0	0	0	3
ASV_1282	0	0	0	3
ASV_1283	0	0	0	3
ASV_1284	0	0	0	3
ASV_1285	0	0	0	3
ASV_1286	0	0	0	3
ASV_1287	0	0	0	3
ASV_1288	0	0	0	3
ASV_1289	0	0	0	3
ASV_1290	0	0	0	3
ASV_1291	0	0	0	3
ASV_1292	0	0	0	3
ASV_1293	0	0	0	3
ASV_1294	0	0	0	3
ASV_1295	0	0	0	3
ASV_1296	0	0	0	3
ASV_1297	0	0	0	3
ASV_1298	0	0	0	3
ASV_1358	0	1	0	0
ASV_1360	0	0	0	1
ASV_1362	1	0	0	0
ASV_1364	1	0	0	0
ASV_1365	1	0	0	0
ASV_1369	1	0	0	0
ASV_1370	0	0	1	0
ASV_1427	0	0	1	0
ASV_1428	0	1	0	0
ASV_1429	0	1	0	0
ASV_1430	0	1	0	0
ASV_1432	0	0	1	0
ASV_1433	1	0	0	0
ASV_1434	1	0	0	0
ASV_1435	0	1	0	0
ASV_1537	0	0	1	0
ASV_1538	0	0	1	0
ASV_1540	0	1	0	0
ASV_1541	0	1	0	0
ASV_1542	0	0	1	0
ASV_1543	0	0	0	1
ASV_1544	0	0	0	1
ASV_1545	1	0	0	0
ASV_1548	0	0	1	0
ASV_1550	0	0	0	1
ASV_1627	0	0	1	0
ASV_1628	1	0	0	0
ASV_1629	0	0	0	1
ASV_1630	0	1	0	0
ASV_1631	0	1	0	0
ASV_1632	1	0	0	0
ASV_1633	0	0	1	0
ASV_1634	0	0	1	0
ASV_1635	2	0	0	0
ASV_1636	2	0	0	0
ASV_1637	2	0	0	0
ASV_1638	2	0	0	0
ASV_1639	2	0	0	0
ASV_1640	2	0	0	0
ASV_1641	2	0	0	0
ASV_1642	2	0	0	0
ASV_1643	2	0	0	0
ASV_1644	2	0	0	0
ASV_1645	2	0	0	0
ASV_1646	2	0	0	0
ASV_1647	2	0	0	0
ASV_1648	2	0	0	0
ASV_1649	2	0	0	0
ASV_1650	2	0	0	0
ASV_1651	2	0	0	0
ASV_1652	2	0	0	0
ASV_1653	2	0	0	0
ASV_1654	2	0	0	0
ASV_1655	2	0	0	0
ASV_1656	2	0	0	0
ASV_1657	2	0	0	0
ASV_1658	2	0	0	0
ASV_1659	2	0	0	0
ASV_1660	2	0	0	0
ASV_1661	2	0	0	0
ASV_1662	2	0	0	0
ASV_1663	2	0	0	0
ASV_1664	2	0	0	0
ASV_1665	2	0	0	0
ASV_1666	2	0	0	0
ASV_1667	2	0	0	0
ASV_1668	2	0	0	0
ASV_1669	2	0	0	0
ASV_1670	2	0	0	0
ASV_1671	2	0	0	0
ASV_1672	2	0	0	0
ASV_1673	2	0	0	0
ASV_1674	2	0	0	0
ASV_1675	2	0	0	0
ASV_1676	2	0	0	0
ASV_1677	2	0	0	0
ASV_1678	2	0	0	0
ASV_1679	2	0	0	0
ASV_1680	2	0	0	0
ASV_1681	2	0	0	0
ASV_1682	2	0	0	0
ASV_1683	2	0	0	0
ASV_1684	2	0	0	0
ASV_1685	2	0	0	0
ASV_1686	2	0	0	0
ASV_1687	2	0	0	0
ASV_1688	2	0	0	0
ASV_1689	2	0	0	0
ASV_1690	2	0	0	0
ASV_1691	2	0	0	0
ASV_1692	2	0	0	0
ASV_1693	2	0	0	0
ASV_1694	2	0	0	0
ASV_1695	2	0	0	0
ASV_1696	2	0	0	0
ASV_1697	2	0	0	0
ASV_1698	2	0	0	0
ASV_1699	2	0	0	0
ASV_1700	2	0	0	0
ASV_1701	2	0	0	0
ASV_1702	2	0	0	0
ASV_1703	2	0	0	0
ASV_1704	2	0	0	0
ASV_1705	2	0	0	0
ASV_1706	2	0	0	0
ASV_1707	2	0	0	0
ASV_1708	2	0	0	0
ASV_1709	2	0	0	0
ASV_1710	2	0	0	0
ASV_1711	2	0	0	0
ASV_1712	2	0	0	0
ASV_1713	2	0	0	0
ASV_1714	2	0	0	0
ASV_1715	2	0	0	0
ASV_1716	2	0	0	0
ASV_1717	2	0	0	0
ASV_1718	2	0	0	0
ASV_1719	2	0	0	0
ASV_1720	2	0	0	0
ASV_1721	1	0	0	1
ASV_1722	1	1	0	0
ASV_1723	1	1	0	0
ASV_1724	1	1	0	0
ASV_1725	1	1	0	0
ASV_1726	1	1	0	0
ASV_1727	1	1	0	0
ASV_1728	1	0	1	0
ASV_1729	1	0	1	0
ASV_1730	1	0	0	1
ASV_1731	0	2	0	0
ASV_1732	0	2	0	0
ASV_1733	0	2	0	0
ASV_1734	0	2	0	0
ASV_1735	0	2	0	0
ASV_1736	0	2	0	0
ASV_1737	0	2	0	0
ASV_1738	0	2	0	0
ASV_1739	0	2	0	0
ASV_1740	0	2	0	0
ASV_1741	0	2	0	0
ASV_1742	0	2	0	0
ASV_1743	0	2	0	0
ASV_1744	0	2	0	0
ASV_1745	0	2	0	0
ASV_1746	0	2	0	0
ASV_1747	0	2	0	0
ASV_1748	0	2	0	0
ASV_1749	0	2	0	0
ASV_1750	0	2	0	0
ASV_1751	0	2	0	0
ASV_1752	0	2	0	0
ASV_1753	0	2	0	0
ASV_1754	0	2	0	0
ASV_1755	0	2	0	0
ASV_1756	0	2	0	0
ASV_1757	0	2	0	0
ASV_1758	0	2	0	0
ASV_1759	0	2	0	0
ASV_1760	0	2	0	0
ASV_1761	0	2	0	0
ASV_1762	0	2	0	0
ASV_1763	0	2	0	0
ASV_1764	0	2	0	0
ASV_1765	0	2	0	0
ASV_1766	0	2	0	0
ASV_1767	0	2	0	0
ASV_1768	0	2	0	0
ASV_1769	0	2	0	0
ASV_1770	0	2	0	0
ASV_1771	0	2	0	0
ASV_1772	0	2	0	0
ASV_1773	0	2	0	0
ASV_1774	0	2	0	0
ASV_1775	0	2	0	0
ASV_1776	0	2	0	0
ASV_1777	0	2	0	0
ASV_1778	0	2	0	0
ASV_1779	0	2	0	0
ASV_1780	0	2	0	0
ASV_1781	0	2	0	0
ASV_1782	0	2	0	0
ASV_1783	0	2	0	0
ASV_1784	0	2	0	0
ASV_1785	0	2	0	0
ASV_1786	0	2	0	0
ASV_1787	0	2	0	0
ASV_1788	0	2	0	0
ASV_1789	0	2	0	0
ASV_1790	0	2	0	0
ASV_1791	0	2	0	0
ASV_1792	0	2	0	0
ASV_1793	0	2	0	0
ASV_1794	0	2	0	0
ASV_1795	0	2	0	0
ASV_1796	0	2	0	0
ASV_1797	0	2	0	0
ASV_1798	0	2	0	0
ASV_1799	0	2	0	0
ASV_1800	0	2	0	0
ASV_1801	0	2	0	0
ASV_1802	0	2	0	0
ASV_1803	0	2	0	0
ASV_1804	0	2	0	0
ASV_1805	0	2	0	0
ASV_1806	0	2	0	0
ASV_1807	0	2	0	0
ASV_1808	0	2	0	0
ASV_1809	0	2	0	0
ASV_1810	0	2	0	0
ASV_1811	0	2	0	0
ASV_1812	0	2	0	0
ASV_1813	0	2	0	0
ASV_1814	0	2	0	0
ASV_1815	0	2	0	0
ASV_1816	0	2	0	0
ASV_1817	0	2	0	0
ASV_1818	0	2	0	0
ASV_1819	0	2	0	0
ASV_1820	0	2	0	0
ASV_1821	0	1	1	0
ASV_1822	0	1	0	1
ASV_1823	0	1	0	1
ASV_1824	0	1	1	0
ASV_1825	0	1	1	0
ASV_1826	0	0	2	0
ASV_1827	0	0	2	0
ASV_1828	0	0	2	0
ASV_1829	0	0	2	0
ASV_1830	0	0	2	0
ASV_1831	0	0	2	0
ASV_1832	0	0	2	0
ASV_1833	0	0	2	0
ASV_1834	0	0	2	0
ASV_1835	0	0	2	0
ASV_1836	0	0	2	0
ASV_1837	0	0	2	0
ASV_1838	0	0	2	0
ASV_1839	0	0	2	0
ASV_1840	0	0	2	0
ASV_1841	0	0	2	0
ASV_1842	0	0	2	0
ASV_1843	0	0	2	0
ASV_1844	0	0	2	0
ASV_1845	0	0	2	0
ASV_1846	0	0	2	0
ASV_1847	0	0	2	0
ASV_1848	0	0	2	0
ASV_1849	0	0	2	0
ASV_1850	0	0	2	0
ASV_1851	0	0	2	0
ASV_1852	0	0	2	0
ASV_1853	0	0	2	0
ASV_1854	0	0	2	0
ASV_1855	0	0	2	0
ASV_1856	0	0	2	0
ASV_1857	0	0	2	0
ASV_1858	0	0	2	0
ASV_1859	0	0	2	0
ASV_1860	0	0	2	0
ASV_1861	0	0	2	0
ASV_1862	0	0	2	0
ASV_1863	0	0	2	0
ASV_1864	0	0	2	0
ASV_1865	0	0	2	0
ASV_1866	0	0	2	0
ASV_1867	0	0	2	0
ASV_1868	0	0	2	0
ASV_1869	0	0	2	0
ASV_1870	0	0	2	0
ASV_1871	0	0	2	0
ASV_1872	0	0	2	0
ASV_1873	0	0	2	0
ASV_1874	0	0	2	0
ASV_1875	0	0	2	0
ASV_1876	0	0	2	0
ASV_1877	0	0	2	0
ASV_1878	0	0	2	0
ASV_1879	0	0	2	0
ASV_1880	0	0	2	0
ASV_1881	0	0	2	0
ASV_1882	0	0	2	0
ASV_1883	0	0	2	0
ASV_1884	0	0	2	0
ASV_1885	0	0	2	0
ASV_1886	0	0	2	0
ASV_1887	0	0	2	0
ASV_1888	0	0	2	0
ASV_1889	0	0	2	0
ASV_1890	0	0	2	0
ASV_1891	0	0	2	0
ASV_1892	0	0	2	0
ASV_1893	0	0	2	0
ASV_1894	0	0	2	0
ASV_1895	0	0	2	0
ASV_1896	0	0	2	0
ASV_1897	0	0	2	0
ASV_1898	0	0	2	0
ASV_1899	0	0	2	0
ASV_1900	0	0	2	0
ASV_1901	0	0	2	0
ASV_1902	0	0	2	0
ASV_1903	0	0	2	0
ASV_1904	0	0	2	0
ASV_1905	0	0	2	0
ASV_1906	0	0	2	0
ASV_1907	0	0	2	0
ASV_1908	0	0	2	0
ASV_1909	0	0	2	0
ASV_1910	0	0	2	0
ASV_1911	0	0	2	0
ASV_1912	0	0	2	0
ASV_1913	0	0	2	0
ASV_1914	0	0	2	0
ASV_1915	0	0	2	0
ASV_1916	0	0	2	0
ASV_1917	0	0	2	0
ASV_1918	0	0	2	0
ASV_1919	0	0	2	0
ASV_1920	0	0	2	0
ASV_1921	0	0	2	0
ASV_1922	0	0	2	0
ASV_1923	0	0	2	0
ASV_1924	0	0	2	0
ASV_1925	0	0	2	0
ASV_1926	0	0	2	0
ASV_1927	0	0	2	0
ASV_1928	0	0	2	0
ASV_1929	0	0	2	0
ASV_1930	0	0	2	0
ASV_1931	0	0	2	0
ASV_1932	0	0	1	1
ASV_1933	0	0	1	1
ASV_1934	0	0	1	1
ASV_1935	0	0	1	1
ASV_1936	0	0	1	1
ASV_1937	0	0	1	1
ASV_1938	0	0	0	2
ASV_1939	0	0	0	2
ASV_1940	0	0	0	2
ASV_1941	0	0	0	2
ASV_1942	0	0	0	2
ASV_1943	0	0	0	2
ASV_1944	0	0	0	2
ASV_1945	0	0	0	2
ASV_1946	0	0	0	2
ASV_1947	0	0	0	2
ASV_1948	0	0	0	2
ASV_1949	0	0	0	2
ASV_1950	0	0	0	2
ASV_1951	0	0	0	2
ASV_1952	0	0	0	2
ASV_1953	0	0	0	2
ASV_1954	0	0	0	2
ASV_1955	0	0	0	2
ASV_1956	0	0	0	2
ASV_1957	0	0	0	2
ASV_1958	0	0	0	2
ASV_1959	0	0	0	2
ASV_1960	0	0	0	2
ASV_1961	0	0	0	2
ASV_1962	0	0	0	2
ASV_1963	0	0	0	2
ASV_1964	0	0	0	2
ASV_1965	0	0	0	2
ASV_1966	0	0	0	2
ASV_1967	0	0	0	2
ASV_1968	0	0	0	2
ASV_1969	0	0	0	2
ASV_1970	0	0	0	2
ASV_1971	0	0	0	2
ASV_1972	0	0	0	2
ASV_1973	0	0	0	2
ASV_1974	0	0	0	2
ASV_1975	0	0	0	2
ASV_1976	0	0	0	2
ASV_1977	0	0	0	2
ASV_1978	0	0	0	2
ASV_1979	0	0	0	2
ASV_1980	0	0	0	2
ASV_1981	0	0	0	2
ASV_1982	0	0	0	2
ASV_1983	0	0	0	2
ASV_1984	0	0	0	2
ASV_1985	0	0	0	2
ASV_1986	0	0	0	2
ASV_1987	0	0	0	2
ASV_1988	0	0	0	2
ASV_1989	0	0	0	2
ASV_1990	0	0	0	2
ASV_1991	0	0	0	2
ASV_1992	0	0	0	2
ASV_1993	0	0	0	2
ASV_1994	0	0	0	2
ASV_1995	0	0	0	2
ASV_1996	0	0	0	2
ASV_1997	0	0	0	2
ASV_1998	0	0	0	2
ASV_1999	0	0	0	2
ASV_2000	0	0	0	2
ASV_2001	0	0	0	2
ASV_2002	0	0	0	2
ASV_2003	0	0	0	2
ASV_2004	0	0	0	2
ASV_2005	0	0	0	2
ASV_2006	0	0	0	2
ASV_2007	0	0	0	2
ASV_2008	0	0	0	2
ASV_2009	0	0	0	2
ASV_2010	0	0	0	2
ASV_2011	0	0	0	2
ASV_2012	0	0	0	2
ASV_2013	0	0	0	2
ASV_2014	0	0	0	2
ASV_2015	0	0	0	2
ASV_2016	0	0	0	2
ASV_2017	0	0	0	2
ASV_2018	0	0	0	2
ASV_2019	0	0	0	2
ASV_2020	0	0	0	2
ASV_2021	0	0	0	2
ASV_2022	0	0	0	2
ASV_2023	0	0	0	2
ASV_2024	0	0	0	2
ASV_2025	0	0	0	2
ASV_2026	0	0	0	2
ASV_2027	0	0	0	2
ASV_2028	0	0	0	2
ASV_2029	0	0	0	2
ASV_2030	0	0	0	2
ASV_2031	0	0	0	2
ASV_2032	0	0	0	2
ASV_2033	0	0	0	2
ASV_2034	0	0	0	2
ASV_2035	0	0	0	2
ASV_2036	0	0	0	2
ASV_2037	0	0	0	2
ASV_2038	0	0	0	2
ASV_2039	0	0	0	2
ASV_2040	0	0	0	2
ASV_2041	0	0	0	2
ASV_2042	0	0	0	2
ASV_2043	0	0	0	2
ASV_2044	0	0	0	2
ASV_2045	0	0	0	2
ASV_2046	0	0	0	2
ASV_2047	0	0	0	2
ASV_2048	0	0	0	2
ASV_2049	0	0	0	2
ASV_2050	0	0	0	2
ASV_2051	0	0	0	2
ASV_2052	0	0	0	2
ASV_2053	0	0	0	2
ASV_2054	0	0	0	2
ASV_2055	0	0	0	2
ASV_2056	0	0	0	2
ASV_2057	0	0	0	2
ASV_2058	0	0	0	2
ASV_2059	0	0	0	2
ASV_2060	0	0	0	2
ASV_2061	0	0	0	2
ASV_2062	0	0	0	2
ASV_2063	0	0	0	2
ASV_3177	1	0	0	0
ASV_3178	1	0	0	0
ASV_3179	1	0	0	0
ASV_3180	1	0	0	0
ASV_3181	1	0	0	0
ASV_3182	1	0	0	0
ASV_3183	1	0	0	0
ASV_3184	1	0	0	0
ASV_3185	1	0	0	0
ASV_3186	1	0	0	0
ASV_3187	1	0	0	0
ASV_3188	1	0	0	0
ASV_3189	1	0	0	0
ASV_3190	1	0	0	0
ASV_3191	1	0	0	0
ASV_3192	1	0	0	0
ASV_3193	1	0	0	0
ASV_3194	1	0	0	0
ASV_3195	1	0	0	0
ASV_3196	1	0	0	0
ASV_3197	1	0	0	0
ASV_3198	1	0	0	0
ASV_3199	1	0	0	0
ASV_3200	1	0	0	0
ASV_3201	1	0	0	0
ASV_3202	1	0	0	0
ASV_3203	1	0	0	0
ASV_3204	1	0	0	0
ASV_3205	1	0	0	0
ASV_3206	1	0	0	0
ASV_3207	1	0	0	0
ASV_3208	1	0	0	0
ASV_3209	1	0	0	0
ASV_3210	1	0	0	0
ASV_3211	1	0	0	0
ASV_3212	1	0	0	0
ASV_3213	1	0	0	0
ASV_3214	1	0	0	0
ASV_3215	1	0	0	0
ASV_3216	1	0	0	0
ASV_3217	1	0	0	0
ASV_3218	1	0	0	0
ASV_3219	1	0	0	0
ASV_3220	1	0	0	0
ASV_3221	1	0	0	0
ASV_3222	1	0	0	0
ASV_3223	1	0	0	0
ASV_3224	1	0	0	0
ASV_3225	1	0	0	0
ASV_3226	1	0	0	0
ASV_3227	1	0	0	0
ASV_3228	1	0	0	0
ASV_3229	1	0	0	0
ASV_3230	1	0	0	0
ASV_3231	1	0	0	0
ASV_3232	1	0	0	0
ASV_3233	1	0	0	0
ASV_3234	1	0	0	0
ASV_3235	1	0	0	0
ASV_3236	1	0	0	0
ASV_3237	1	0	0	0
ASV_3238	1	0	0	0
ASV_3239	1	0	0	0
ASV_3240	1	0	0	0
ASV_3241	1	0	0	0
ASV_3242	1	0	0	0
ASV_3243	1	0	0	0
ASV_3244	1	0	0	0
ASV_3245	1	0	0	0
ASV_3246	1	0	0	0
ASV_3247	1	0	0	0
ASV_3248	1	0	0	0
ASV_3249	1	0	0	0
ASV_3250	1	0	0	0
ASV_3251	1	0	0	0
ASV_3252	1	0	0	0
ASV_3253	1	0	0	0
ASV_3254	1	0	0	0
ASV_3255	1	0	0	0
ASV_3256	1	0	0	0
ASV_3257	1	0	0	0
ASV_3258	1	0	0	0
ASV_3259	1	0	0	0
ASV_3260	1	0	0	0
ASV_3261	1	0	0	0
ASV_3262	1	0	0	0
ASV_3263	1	0	0	0
ASV_3264	1	0	0	0
ASV_3265	1	0	0	0
ASV_3266	1	0	0	0
ASV_3267	1	0	0	0
ASV_3268	1	0	0	0
ASV_3269	1	0	0	0
ASV_3270	1	0	0	0
ASV_3271	1	0	0	0
ASV_3272	1	0	0	0
ASV_3273	1	0	0	0
ASV_3274	1	0	0	0
ASV_3275	1	0	0	0
ASV_3276	1	0	0	0
ASV_3277	1	0	0	0
ASV_3278	1	0	0	0
ASV_3279	1	0	0	0
ASV_3280	1	0	0	0
ASV_3281	1	0	0	0
ASV_3282	1	0	0	0
ASV_3283	1	0	0	0
ASV_3284	1	0	0	0
ASV_3285	1	0	0	0
ASV_3286	1	0	0	0
ASV_3287	1	0	0	0
ASV_3288	1	0	0	0
ASV_3289	1	0	0	0
ASV_3290	1	0	0	0
ASV_3291	1	0	0	0
ASV_3292	1	0	0	0
ASV_3293	1	0	0	0
ASV_3294	1	0	0	0
ASV_3295	1	0	0	0
ASV_3296	1	0	0	0
ASV_3297	1	0	0	0
ASV_3298	1	0	0	0
ASV_3299	1	0	0	0
ASV_3300	1	0	0	0
ASV_3301	1	0	0	0
ASV_3302	1	0	0	0
ASV_3303	1	0	0	0
ASV_3304	1	0	0	0
ASV_3305	1	0	0	0
ASV_3306	1	0	0	0
ASV_3307	1	0	0	0
ASV_3308	1	0	0	0
ASV_3309	1	0	0	0
ASV_3310	1	0	0	0
ASV_3311	1	0	0	0
ASV_3312	1	0	0	0
ASV_3313	1	0	0	0
ASV_3314	1	0	0	0
ASV_3315	1	0	0	0
ASV_3316	1	0	0	0
ASV_3317	1	0	0	0
ASV_3318	1	0	0	0
ASV_3319	1	0	0	0
ASV_3320	1	0	0	0
ASV_3321	1	0	0	0
ASV_3322	1	0	0	0
ASV_3323	1	0	0	0
ASV_3324	1	0	0	0
ASV_3325	1	0	0	0
ASV_3326	1	0	0	0
ASV_3327	1	0	0	0
ASV_3328	1	0	0	0
ASV_3329	1	0	0	0
ASV_3330	1	0	0	0
ASV_3331	1	0	0	0
ASV_3332	1	0	0	0
ASV_3333	1	0	0	0
ASV_3334	1	0	0	0
ASV_3335	1	0	0	0
ASV_3336	1	0	0	0
ASV_3337	1	0	0	0
ASV_3338	1	0	0	0
ASV_3339	1	0	0	0
ASV_3340	1	0	0	0
ASV_3341	1	0	0	0
ASV_3342	1	0	0	0
ASV_3343	1	0	0	0
ASV_3344	1	0	0	0
ASV_3345	1	0	0	0
ASV_3346	1	0	0	0
ASV_3347	1	0	0	0
ASV_3348	1	0	0	0
ASV_3349	1	0	0	0
ASV_3350	1	0	0	0
ASV_3351	1	0	0	0
ASV_3352	1	0	0	0
ASV_3353	1	0	0	0
ASV_3354	1	0	0	0
ASV_3355	1	0	0	0
ASV_3356	1	0	0	0
ASV_3357	1	0	0	0
ASV_3358	1	0	0	0
ASV_3359	1	0	0	0
ASV_3360	1	0	0	0
ASV_3361	1	0	0	0
ASV_3362	1	0	0	0
ASV_3363	1	0	0	0
ASV_3364	1	0	0	0
ASV_3365	1	0	0	0
ASV_3366	1	0	0	0
ASV_3367	1	0	0	0
ASV_3368	1	0	0	0
ASV_3369	1	0	0	0
ASV_3370	1	0	0	0
ASV_3371	1	0	0	0
ASV_3372	1	0	0	0
ASV_3373	1	0	0	0
ASV_3374	1	0	0	0
ASV_3375	1	0	0	0
ASV_3376	1	0	0	0
ASV_3377	1	0	0	0
ASV_3378	1	0	0	0
ASV_3379	1	0	0	0
ASV_3380	1	0	0	0
ASV_3381	1	0	0	0
ASV_3382	1	0	0	0
ASV_3383	1	0	0	0
ASV_3384	1	0	0	0
ASV_3385	1	0	0	0
ASV_3386	1	0	0	0
ASV_3387	1	0	0	0
ASV_3388	1	0	0	0
ASV_3389	1	0	0	0
ASV_3390	1	0	0	0
ASV_3391	1	0	0	0
ASV_3392	1	0	0	0
ASV_3393	1	0	0	0
ASV_3394	1	0	0	0
ASV_3395	1	0	0	0
ASV_3396	1	0	0	0
ASV_3397	1	0	0	0
ASV_3398	1	0	0	0
ASV_3399	1	0	0	0
ASV_3400	1	0	0	0
ASV_3401	1	0	0	0
ASV_3402	1	0	0	0
ASV_3403	1	0	0	0
ASV_3404	1	0	0	0
ASV_3405	1	0	0	0
ASV_3406	1	0	0	0
ASV_3407	1	0	0	0
ASV_3408	1	0	0	0
ASV_3409	1	0	0	0
ASV_3410	1	0	0	0
ASV_3411	1	0	0	0
ASV_3412	1	0	0	0
ASV_3413	1	0	0	0
ASV_3414	1	0	0	0
ASV_3415	1	0	0	0
ASV_3416	1	0	0	0
ASV_3417	1	0	0	0
ASV_3418	1	0	0	0
ASV_3419	1	0	0	0
ASV_3420	1	0	0	0
ASV_3421	1	0	0	0
ASV_3422	1	0	0	0
ASV_3423	1	0	0	0
ASV_3424	1	0	0	0
ASV_3425	1	0	0	0
ASV_3426	1	0	0	0
ASV_3427	1	0	0	0
ASV_3428	1	0	0	0
ASV_3429	1	0	0	0
ASV_3430	1	0	0	0
ASV_3431	1	0	0	0
ASV_3432	1	0	0	0
ASV_3433	1	0	0	0
ASV_3434	1	0	0	0
ASV_3435	1	0	0	0
ASV_3436	1	0	0	0
ASV_3437	1	0	0	0
ASV_3438	1	0	0	0
ASV_3439	1	0	0	0
ASV_3440	1	0	0	0
ASV_3441	1	0	0	0
ASV_3442	1	0	0	0
ASV_3443	1	0	0	0
ASV_3444	1	0	0	0
ASV_3445	1	0	0	0
ASV_3446	1	0	0	0
ASV_3447	1	0	0	0
ASV_3448	1	0	0	0
ASV_3449	1	0	0	0
ASV_3450	1	0	0	0
ASV_3451	1	0	0	0
ASV_3452	1	0	0	0
ASV_3453	1	0	0	0
ASV_3454	1	0	0	0
ASV_3455	1	0	0	0
ASV_3456	1	0	0	0
ASV_3457	1	0	0	0
ASV_3458	1	0	0	0
ASV_3459	1	0	0	0
ASV_3460	1	0	0	0
ASV_3461	1	0	0	0
ASV_3462	1	0	0	0
ASV_3463	1	0	0	0
ASV_3464	1	0	0	0
ASV_3465	1	0	0	0
ASV_3466	1	0	0	0
ASV_3467	1	0	0	0
ASV_3468	1	0	0	0
ASV_3469	1	0	0	0
ASV_3470	1	0	0	0
ASV_3471	1	0	0	0
ASV_3472	1	0	0	0
ASV_3473	1	0	0	0
ASV_3474	1	0	0	0
ASV_3475	1	0	0	0
ASV_3476	1	0	0	0
ASV_3477	1	0	0	0
ASV_3478	1	0	0	0
ASV_3479	1	0	0	0
ASV_3480	1	0	0	0
ASV_3481	1	0	0	0
ASV_3482	0	1	0	0
ASV_3483	0	1	0	0
ASV_3484	0	1	0	0
ASV_3485	0	1	0	0
ASV_3486	0	1	0	0
ASV_3487	0	1	0	0
ASV_3488	0	1	0	0
ASV_3489	0	1	0	0
ASV_3490	0	1	0	0
ASV_3491	0	1	0	0
ASV_3492	0	1	0	0
ASV_3493	0	1	0	0
ASV_3494	0	1	0	0
ASV_3495	0	1	0	0
ASV_3496	0	1	0	0
ASV_3497	0	1	0	0
ASV_3498	0	1	0	0
ASV_3499	0	1	0	0
ASV_3500	0	1	0	0
ASV_3501	0	1	0	0
ASV_3502	0	1	0	0
ASV_3503	0	1	0	0
ASV_3504	0	1	0	0
ASV_3505	0	1	0	0
ASV_3506	0	1	0	0
ASV_3507	0	1	0	0
ASV_3508	0	1	0	0
ASV_3509	0	1	0	0
ASV_3510	0	1	0	0
ASV_3511	0	1	0	0
ASV_3512	0	1	0	0
ASV_3513	0	1	0	0
ASV_3514	0	1	0	0
ASV_3515	0	1	0	0
ASV_3516	0	1	0	0
ASV_3517	0	1	0	0
ASV_3518	0	1	0	0
ASV_3519	0	1	0	0
ASV_3520	0	1	0	0
ASV_3521	0	1	0	0
ASV_3522	0	1	0	0
ASV_3523	0	1	0	0
ASV_3524	0	1	0	0
ASV_3525	0	1	0	0
ASV_3526	0	1	0	0
ASV_3527	0	1	0	0
ASV_3528	0	1	0	0
ASV_3529	0	1	0	0
ASV_3530	0	1	0	0
ASV_3531	0	1	0	0
ASV_3532	0	1	0	0
ASV_3533	0	1	0	0
ASV_3534	0	1	0	0
ASV_3535	0	1	0	0
ASV_3536	0	1	0	0
ASV_3537	0	1	0	0
ASV_3538	0	1	0	0
ASV_3539	0	1	0	0
ASV_3540	0	1	0	0
ASV_3541	0	1	0	0
ASV_3542	0	1	0	0
ASV_3543	0	1	0	0
ASV_3544	0	1	0	0
ASV_3545	0	1	0	0
ASV_3546	0	1	0	0
ASV_3547	0	1	0	0
ASV_3548	0	1	0	0
ASV_3549	0	1	0	0
ASV_3550	0	1	0	0
ASV_3551	0	1	0	0
ASV_3552	0	1	0	0
ASV_3553	0	1	0	0
ASV_3554	0	1	0	0
ASV_3555	0	1	0	0
ASV_3556	0	1	0	0
ASV_3557	0	1	0	0
ASV_3558	0	1	0	0
ASV_3559	0	1	0	0
ASV_3560	0	1	0	0
ASV_3561	0	1	0	0
ASV_3562	0	1	0	0
ASV_3563	0	1	0	0
ASV_3564	0	1	0	0
ASV_3565	0	1	0	0
ASV_3566	0	1	0	0
ASV_3567	0	1	0	0
ASV_3568	0	1	0	0
ASV_3569	0	1	0	0
ASV_3570	0	1	0	0
ASV_3571	0	1	0	0
ASV_3572	0	1	0	0
ASV_3573	0	1	0	0
ASV_3574	0	1	0	0
ASV_3575	0	1	0	0
ASV_3576	0	1	0	0
ASV_3577	0	1	0	0
ASV_3578	0	1	0	0
ASV_3579	0	1	0	0
ASV_3580	0	1	0	0
ASV_3581	0	1	0	0
ASV_3582	0	1	0	0
ASV_3583	0	1	0	0
ASV_3584	0	1	0	0
ASV_3585	0	1	0	0
ASV_3586	0	1	0	0
ASV_3587	0	1	0	0
ASV_3588	0	1	0	0
ASV_3589	0	1	0	0
ASV_3590	0	1	0	0
ASV_3591	0	1	0	0
ASV_3592	0	1	0	0
ASV_3593	0	1	0	0
ASV_3594	0	1	0	0
ASV_3595	0	1	0	0
ASV_3596	0	1	0	0
ASV_3597	0	1	0	0
ASV_3598	0	1	0	0
ASV_3599	0	1	0	0
ASV_3600	0	1	0	0
ASV_3601	0	1	0	0
ASV_3602	0	1	0	0
ASV_3603	0	1	0	0
ASV_3604	0	1	0	0
ASV_3605	0	1	0	0
ASV_3606	0	1	0	0
ASV_3607	0	1	0	0
ASV_3608	0	1	0	0
ASV_3609	0	1	0	0
ASV_3610	0	1	0	0
ASV_3611	0	1	0	0
ASV_3612	0	1	0	0
ASV_3613	0	1	0	0
ASV_3614	0	1	0	0
ASV_3615	0	1	0	0
ASV_3616	0	1	0	0
ASV_3617	0	1	0	0
ASV_3618	0	1	0	0
ASV_3619	0	1	0	0
ASV_3620	0	1	0	0
ASV_3621	0	1	0	0
ASV_3622	0	1	0	0
ASV_3623	0	1	0	0
ASV_3624	0	1	0	0
ASV_3625	0	1	0	0
ASV_3626	0	1	0	0
ASV_3627	0	1	0	0
ASV_3628	0	1	0	0
ASV_3629	0	1	0	0
ASV_3630	0	1	0	0
ASV_3631	0	1	0	0
ASV_3632	0	1	0	0
ASV_3633	0	1	0	0
ASV_3634	0	1	0	0
ASV_3635	0	1	0	0
ASV_3636	0	1	0	0
ASV_3637	0	1	0	0
ASV_3638	0	1	0	0
ASV_3639	0	1	0	0
ASV_3640	0	1	0	0
ASV_3641	0	1	0	0
ASV_3642	0	1	0	0
ASV_3643	0	1	0	0
ASV_3644	0	1	0	0
ASV_3645	0	1	0	0
ASV_3646	0	1	0	0
ASV_3647	0	1	0	0
ASV_3648	0	1	0	0
ASV_3649	0	1	0	0
ASV_3650	0	1	0	0
ASV_3651	0	1	0	0
ASV_3652	0	1	0	0
ASV_3653	0	1	0	0
ASV_3654	0	1	0	0
ASV_3655	0	1	0	0
ASV_3656	0	1	0	0
ASV_3657	0	1	0	0
ASV_3658	0	1	0	0
ASV_3659	0	1	0	0
ASV_3660	0	1	0	0
ASV_3661	0	1	0	0
ASV_3662	0	1	0	0
ASV_3663	0	1	0	0
ASV_3664	0	1	0	0
ASV_3665	0	1	0	0
ASV_3666	0	1	0	0
ASV_3667	0	1	0	0
ASV_3668	0	1	0	0
ASV_3669	0	1	0	0
ASV_3670	0	1	0	0
ASV_3671	0	1	0	0
ASV_3672	0	1	0	0
ASV_3673	0	1	0	0
ASV_3674	0	1	0	0
ASV_3675	0	1	0	0
ASV_3676	0	1	0	0
ASV_3677	0	1	0	0
ASV_3678	0	1	0	0
ASV_3679	0	1	0	0
ASV_3680	0	1	0	0
ASV_3681	0	1	0	0
ASV_3682	0	1	0	0
ASV_3683	0	1	0	0
ASV_3684	0	1	0	0
ASV_3685	0	1	0	0
ASV_3686	0	1	0	0
ASV_3687	0	1	0	0
ASV_3688	0	1	0	0
ASV_3689	0	1	0	0
ASV_3690	0	1	0	0
ASV_3691	0	1	0	0
ASV_3692	0	1	0	0
ASV_3693	0	1	0	0
ASV_3694	0	1	0	0
ASV_3695	0	1	0	0
ASV_3696	0	1	0	0
ASV_3697	0	1	0	0
ASV_3698	0	1	0	0
ASV_3699	0	1	0	0
ASV_3700	0	1	0	0
ASV_3701	0	1	0	0
ASV_3702	0	1	0	0
ASV_3703	0	1	0	0
ASV_3704	0	1	0	0
ASV_3705	0	1	0	0
ASV_3706	0	1	0	0
ASV_3707	0	1	0	0
ASV_3708	0	1	0	0
ASV_3709	0	1	0	0
ASV_3710	0	1	0	0
ASV_3711	0	1	0	0
ASV_3712	0	1	0	0
ASV_3713	0	1	0	0
ASV_3714	0	1	0	0
ASV_3715	0	1	0	0
ASV_3716	0	1	0	0
ASV_3717	0	1	0	0
ASV_3718	0	1	0	0
ASV_3719	0	1	0	0
ASV_3720	0	1	0	0
ASV_3721	0	1	0	0
ASV_3722	0	1	0	0
ASV_3723	0	1	0	0
ASV_3724	0	1	0	0
ASV_3725	0	1	0	0
ASV_3726	0	1	0	0
ASV_3727	0	1	0	0
ASV_3728	0	1	0	0
ASV_3729	0	1	0	0
ASV_3730	0	1	0	0
ASV_3731	0	1	0	0
ASV_3732	0	1	0	0
ASV_3733	0	1	0	0
ASV_3734	0	1	0	0
ASV_3735	0	1	0	0
ASV_3736	0	1	0	0
ASV_3737	0	1	0	0
ASV_3738	0	1	0	0
ASV_3739	0	1	0	0
ASV_3740	0	1	0	0
ASV_3741	0	1	0	0
ASV_3742	0	1	0	0
ASV_3743	0	1	0	0
ASV_3744	0	1	0	0
ASV_3745	0	1	0	0
ASV_3746	0	1	0	0
ASV_3747	0	1	0	0
ASV_3748	0	1	0	0
ASV_3749	0	1	0	0
ASV_3750	0	1	0	0
ASV_3751	0	1	0	0
ASV_3752	0	1	0	0
ASV_3753	0	1	0	0
ASV_3754	0	1	0	0
ASV_3755	0	1	0	0
ASV_3756	0	1	0	0
ASV_3757	0	1	0	0
ASV_3758	0	1	0	0
ASV_3759	0	1	0	0
ASV_3760	0	1	0	0
ASV_3761	0	1	0	0
ASV_3762	0	1	0	0
ASV_3763	0	1	0	0
ASV_3764	0	1	0	0
ASV_3765	0	1	0	0
ASV_3766	0	1	0	0
ASV_3767	0	1	0	0
ASV_3768	0	1	0	0
ASV_3769	0	1	0	0
ASV_3770	0	1	0	0
ASV_3771	0	1	0	0
ASV_3772	0	1	0	0
ASV_3773	0	1	0	0
ASV_3774	0	1	0	0
ASV_3775	0	1	0	0
ASV_3776	0	1	0	0
ASV_3777	0	1	0	0
ASV_3778	0	1	0	0
ASV_3779	0	1	0	0
ASV_3780	0	1	0	0
ASV_3781	0	1	0	0
ASV_3782	0	1	0	0
ASV_3783	0	1	0	0
ASV_3784	0	1	0	0
ASV_3785	0	1	0	0
ASV_3786	0	1	0	0
ASV_3787	0	1	0	0
ASV_3788	0	1	0	0
ASV_3789	0	1	0	0
ASV_3790	0	1	0	0
ASV_3791	0	1	0	0
ASV_3792	0	1	0	0
ASV_3793	0	1	0	0
ASV_3794	0	1	0	0
ASV_3795	0	1	0	0
ASV_3796	0	1	0	0
ASV_3797	0	1	0	0
ASV_3798	0	1	0	0
ASV_3799	0	1	0	0
ASV_3800	0	1	0	0
ASV_3801	0	1	0	0
ASV_3802	0	1	0	0
ASV_3803	0	1	0	0
ASV_3804	0	1	0	0
ASV_3805	0	1	0	0
ASV_3806	0	1	0	0
ASV_3807	0	1	0	0
ASV_3808	0	1	0	0
ASV_3809	0	1	0	0
ASV_3810	0	1	0	0
ASV_3811	0	1	0	0
ASV_3812	0	1	0	0
ASV_3813	0	1	0	0
ASV_3814	0	1	0	0
ASV_3815	0	1	0	0
ASV_3816	0	1	0	0
ASV_3817	0	1	0	0
ASV_3818	0	1	0	0
ASV_3819	0	1	0	0
ASV_3820	0	1	0	0
ASV_3821	0	1	0	0
ASV_3822	0	1	0	0
ASV_3823	0	1	0	0
ASV_3824	0	1	0	0
ASV_3825	0	1	0	0
ASV_3826	0	1	0	0
ASV_3827	0	1	0	0
ASV_3828	0	1	0	0
ASV_3829	0	1	0	0
ASV_3830	0	1	0	0
ASV_3831	0	1	0	0
ASV_3832	0	1	0	0
ASV_3833	0	1	0	0
ASV_3834	0	1	0	0
ASV_3835	0	1	0	0
ASV_3836	0	1	0	0
ASV_3837	0	1	0	0
ASV_3838	0	1	0	0
ASV_3839	0	1	0	0
ASV_3840	0	1	0	0
ASV_3841	0	1	0	0
ASV_3842	0	1	0	0
ASV_3843	0	1	0	0
ASV_3844	0	1	0	0
ASV_3845	0	1	0	0
ASV_3846	0	1	0	0
ASV_3847	0	1	0	0
ASV_3848	0	1	0	0
ASV_3849	0	0	1	0
ASV_3850	0	0	1	0
ASV_3851	0	0	1	0
ASV_3852	0	0	1	0
ASV_3853	0	0	1	0
ASV_3854	0	0	1	0
ASV_3855	0	0	1	0
ASV_3856	0	0	1	0
ASV_3857	0	0	1	0
ASV_3858	0	0	1	0
ASV_3859	0	0	1	0
ASV_3860	0	0	1	0
ASV_3861	0	0	1	0
ASV_3862	0	0	1	0
ASV_3863	0	0	1	0
ASV_3864	0	0	1	0
ASV_3865	0	0	1	0
ASV_3866	0	0	1	0
ASV_3867	0	0	1	0
ASV_3868	0	0	1	0
ASV_3869	0	0	1	0
ASV_3870	0	0	1	0
ASV_3871	0	0	1	0
ASV_3872	0	0	1	0
ASV_3873	0	0	1	0
ASV_3874	0	0	1	0
ASV_3875	0	0	1	0
ASV_3876	0	0	1	0
ASV_3877	0	0	1	0
ASV_3878	0	0	1	0
ASV_3879	0	0	1	0
ASV_3880	0	0	1	0
ASV_3881	0	0	1	0
ASV_3882	0	0	1	0
ASV_3883	0	0	1	0
ASV_3884	0	0	1	0
ASV_3885	0	0	1	0
ASV_3886	0	0	1	0
ASV_3887	0	0	1	0
ASV_3888	0	0	1	0
ASV_3889	0	0	1	0
ASV_3890	0	0	1	0
ASV_3891	0	0	1	0
ASV_3892	0	0	1	0
ASV_3893	0	0	1	0
ASV_3894	0	0	1	0
ASV_3895	0	0	1	0
ASV_3896	0	0	1	0
ASV_3897	0	0	1	0
ASV_3898	0	0	1	0
ASV_3899	0	0	1	0
ASV_3900	0	0	1	0
ASV_3901	0	0	1	0
ASV_3902	0	0	1	0
ASV_3903	0	0	1	0
ASV_3904	0	0	1	0
ASV_3905	0	0	1	0
ASV_3906	0	0	1	0
ASV_3907	0	0	1	0
ASV_3908	0	0	1	0
ASV_3909	0	0	1	0
ASV_3910	0	0	1	0
ASV_3911	0	0	1	0
ASV_3912	0	0	1	0
ASV_3913	0	0	1	0
ASV_3914	0	0	1	0
ASV_3915	0	0	1	0
ASV_3916	0	0	1	0
ASV_3917	0	0	1	0
ASV_3918	0	0	1	0
ASV_3919	0	0	1	0
ASV_3920	0	0	1	0
ASV_3921	0	0	1	0
ASV_3922	0	0	1	0
ASV_3923	0	0	1	0
ASV_3924	0	0	1	0
ASV_3925	0	0	1	0
ASV_3926	0	0	1	0
ASV_3927	0	0	1	0
ASV_3928	0	0	1	0
ASV_3929	0	0	1	0
ASV_3930	0	0	1	0
ASV_3931	0	0	1	0
ASV_3932	0	0	1	0
ASV_3933	0	0	1	0
ASV_3934	0	0	1	0
ASV_3935	0	0	1	0
ASV_3936	0	0	1	0
ASV_3937	0	0	1	0
ASV_3938	0	0	1	0
ASV_3939	0	0	1	0
ASV_3940	0	0	1	0
ASV_3941	0	0	1	0
ASV_3942	0	0	1	0
ASV_3943	0	0	1	0
ASV_3944	0	0	1	0
ASV_3945	0	0	1	0
ASV_3946	0	0	1	0
ASV_3947	0	0	1	0
ASV_3948	0	0	1	0
ASV_3949	0	0	1	0
ASV_3950	0	0	1	0
ASV_3951	0	0	1	0
ASV_3952	0	0	1	0
ASV_3953	0	0	1	0
ASV_3954	0	0	1	0
ASV_3955	0	0	1	0
ASV_3956	0	0	1	0
ASV_3957	0	0	1	0
ASV_3958	0	0	1	0
ASV_3959	0	0	1	0
ASV_3960	0	0	1	0
ASV_3961	0	0	1	0
ASV_3962	0	0	1	0
ASV_3963	0	0	1	0
ASV_3964	0	0	1	0
ASV_3965	0	0	1	0
ASV_3966	0	0	1	0
ASV_3967	0	0	1	0
ASV_3968	0	0	1	0
ASV_3969	0	0	1	0
ASV_3970	0	0	1	0
ASV_3971	0	0	1	0
ASV_3972	0	0	1	0
ASV_3973	0	0	1	0
ASV_3974	0	0	1	0
ASV_3975	0	0	1	0
ASV_3976	0	0	1	0
ASV_3977	0	0	1	0
ASV_3978	0	0	1	0
ASV_3979	0	0	1	0
ASV_3980	0	0	1	0
ASV_3981	0	0	1	0
ASV_3982	0	0	1	0
ASV_3983	0	0	1	0
ASV_3984	0	0	1	0
ASV_3985	0	0	1	0
ASV_3986	0	0	1	0
ASV_3987	0	0	1	0
ASV_3988	0	0	1	0
ASV_3989	0	0	1	0
ASV_3990	0	0	1	0
ASV_3991	0	0	1	0
ASV_3992	0	0	1	0
ASV_3993	0	0	1	0
ASV_3994	0	0	1	0
ASV_3995	0	0	1	0
ASV_3996	0	0	1	0
ASV_3997	0	0	1	0
ASV_3998	0	0	1	0
ASV_3999	0	0	1	0
ASV_4000	0	0	1	0
ASV_4001	0	0	1	0
ASV_4002	0	0	1	0
ASV_4003	0	0	1	0
ASV_4004	0	0	1	0
ASV_4005	0	0	1	0
ASV_4006	0	0	1	0
ASV_4007	0	0	1	0
ASV_4008	0	0	1	0
ASV_4009	0	0	1	0
ASV_4010	0	0	1	0
ASV_4011	0	0	1	0
ASV_4012	0	0	1	0
ASV_4013	0	0	1	0
ASV_4014	0	0	1	0
ASV_4015	0	0	1	0
ASV_4016	0	0	1	0
ASV_4017	0	0	1	0
ASV_4018	0	0	1	0
ASV_4019	0	0	1	0
ASV_4020	0	0	1	0
ASV_4021	0	0	1	0
ASV_4022	0	0	1	0
ASV_4023	0	0	1	0
ASV_4024	0	0	1	0
ASV_4025	0	0	1	0
ASV_4026	0	0	1	0
ASV_4027	0	0	1	0
ASV_4028	0	0	1	0
ASV_4029	0	0	1	0
ASV_4030	0	0	1	0
ASV_4031	0	0	1	0
ASV_4032	0	0	1	0
ASV_4033	0	0	1	0
ASV_4034	0	0	1	0
ASV_4035	0	0	1	0
ASV_4036	0	0	1	0
ASV_4037	0	0	1	0
ASV_4038	0	0	1	0
ASV_4039	0	0	1	0
ASV_4040	0	0	1	0
ASV_4041	0	0	1	0
ASV_4042	0	0	1	0
ASV_4043	0	0	1	0
ASV_4044	0	0	1	0
ASV_4045	0	0	1	0
ASV_4046	0	0	1	0
ASV_4047	0	0	1	0
ASV_4048	0	0	1	0
ASV_4049	0	0	1	0
ASV_4050	0	0	1	0
ASV_4051	0	0	1	0
ASV_4052	0	0	1	0
ASV_4053	0	0	1	0
ASV_4054	0	0	1	0
ASV_4055	0	0	1	0
ASV_4056	0	0	1	0
ASV_4057	0	0	1	0
ASV_4058	0	0	1	0
ASV_4059	0	0	1	0
ASV_4060	0	0	1	0
ASV_4061	0	0	1	0
ASV_4062	0	0	1	0
ASV_4063	0	0	1	0
ASV_4064	0	0	1	0
ASV_4065	0	0	1	0
ASV_4066	0	0	1	0
ASV_4067	0	0	1	0
ASV_4068	0	0	1	0
ASV_4069	0	0	1	0
ASV_4070	0	0	1	0
ASV_4071	0	0	1	0
ASV_4072	0	0	1	0
ASV_4073	0	0	1	0
ASV_4074	0	0	1	0
ASV_4075	0	0	1	0
ASV_4076	0	0	1	0
ASV_4077	0	0	1	0
ASV_4078	0	0	1	0
ASV_4079	0	0	1	0
ASV_4080	0	0	1	0
ASV_4081	0	0	1	0
ASV_4082	0	0	1	0
ASV_4083	0	0	1	0
ASV_4084	0	0	1	0
ASV_4085	0	0	1	0
ASV_4086	0	0	1	0
ASV_4087	0	0	1	0
ASV_4088	0	0	1	0
ASV_4089	0	0	1	0
ASV_4090	0	0	1	0
ASV_4091	0	0	1	0
ASV_4092	0	0	1	0
ASV_4093	0	0	1	0
ASV_4094	0	0	1	0
ASV_4095	0	0	1	0
ASV_4096	0	0	1	0
ASV_4097	0	0	1	0
ASV_4098	0	0	1	0
ASV_4099	0	0	1	0
ASV_4100	0	0	1	0
ASV_4101	0	0	1	0
ASV_4102	0	0	1	0
ASV_4103	0	0	1	0
ASV_4104	0	0	1	0
ASV_4105	0	0	1	0
ASV_4106	0	0	1	0
ASV_4107	0	0	1	0
ASV_4108	0	0	1	0
ASV_4109	0	0	1	0
ASV_4110	0	0	1	0
ASV_4111	0	0	1	0
ASV_4112	0	0	1	0
ASV_4113	0	0	1	0
ASV_4114	0	0	1	0
ASV_4115	0	0	1	0
ASV_4116	0	0	1	0
ASV_4117	0	0	1	0
ASV_4118	0	0	1	0
ASV_4119	0	0	1	0
ASV_4120	0	0	1	0
ASV_4121	0	0	1	0
ASV_4122	0	0	1	0
ASV_4123	0	0	1	0
ASV_4124	0	0	1	0
ASV_4125	0	0	1	0
ASV_4126	0	0	1	0
ASV_4127	0	0	1	0
ASV_4128	0	0	1	0
ASV_4129	0	0	1	0
ASV_4130	0	0	1	0
ASV_4131	0	0	1	0
ASV_4132	0	0	1	0
ASV_4133	0	0	1	0
ASV_4134	0	0	1	0
ASV_4135	0	0	1	0
ASV_4136	0	0	1	0
ASV_4137	0	0	1	0
ASV_4138	0	0	1	0
ASV_4139	0	0	1	0
ASV_4140	0	0	1	0
ASV_4141	0	0	1	0
ASV_4142	0	0	1	0
ASV_4143	0	0	1	0
ASV_4144	0	0	1	0
ASV_4145	0	0	1	0
ASV_4146	0	0	1	0
ASV_4147	0	0	1	0
ASV_4148	0	0	1	0
ASV_4149	0	0	1	0
ASV_4150	0	0	1	0
ASV_4151	0	0	1	0
ASV_4152	0	0	1	0
ASV_4153	0	0	1	0
ASV_4154	0	0	1	0
ASV_4155	0	0	1	0
ASV_4156	0	0	1	0
ASV_4157	0	0	1	0
ASV_4158	0	0	1	0
ASV_4159	0	0	1	0
ASV_4160	0	0	1	0
ASV_4161	0	0	1	0
ASV_4162	0	0	1	0
ASV_4163	0	0	1	0
ASV_4164	0	0	1	0
ASV_4165	0	0	1	0
ASV_4166	0	0	1	0
ASV_4167	0	0	1	0
ASV_4168	0	0	1	0
ASV_4169	0	0	1	0
ASV_4170	0	0	1	0
ASV_4171	0	0	1	0
ASV_4172	0	0	1	0
ASV_4173	0	0	1	0
ASV_4174	0	0	1	0
ASV_4175	0	0	1	0
ASV_4176	0	0	1	0
ASV_4177	0	0	1	0
ASV_4178	0	0	1	0
ASV_4179	0	0	1	0
ASV_4180	0	0	1	0
ASV_4181	0	0	1	0
ASV_4182	0	0	1	0
ASV_4183	0	0	1	0
ASV_4184	0	0	1	0
ASV_4185	0	0	1	0
ASV_4186	0	0	1	0
ASV_4187	0	0	1	0
ASV_4188	0	0	1	0
ASV_4189	0	0	1	0
ASV_4190	0	0	1	0
ASV_4191	0	0	1	0
ASV_4192	0	0	1	0
ASV_4193	0	0	1	0
ASV_4194	0	0	0	1
ASV_4195	0	0	0	1
ASV_4196	0	0	0	1
ASV_4197	0	0	0	1
ASV_4198	0	0	0	1
ASV_4199	0	0	0	1
ASV_4200	0	0	0	1
ASV_4201	0	0	0	1
ASV_4202	0	0	0	1
ASV_4203	0	0	0	1
ASV_4204	0	0	0	1
ASV_4205	0	0	0	1
ASV_4206	0	0	0	1
ASV_4207	0	0	0	1
ASV_4208	0	0	0	1
ASV_4209	0	0	0	1
ASV_4210	0	0	0	1
ASV_4211	0	0	0	1
ASV_4212	0	0	0	1
ASV_4213	0	0	0	1
ASV_4214	0	0	0	1
ASV_4215	0	0	0	1
ASV_4216	0	0	0	1
ASV_4217	0	0	0	1
ASV_4218	0	0	0	1
ASV_4219	0	0	0	1
ASV_4220	0	0	0	1
ASV_4221	0	0	0	1
ASV_4222	0	0	0	1
ASV_4223	0	0	0	1
ASV_4224	0	0	0	1
ASV_4225	0	0	0	1
ASV_4226	0	0	0	1
ASV_4227	0	0	0	1
ASV_4228	0	0	0	1
ASV_4229	0	0	0	1
ASV_4230	0	0	0	1
ASV_4231	0	0	0	1
ASV_4232	0	0	0	1
ASV_4233	0	0	0	1
ASV_4234	0	0	0	1
ASV_4235	0	0	0	1
ASV_4236	0	0	0	1
ASV_4237	0	0	0	1
ASV_4238	0	0	0	1
ASV_4239	0	0	0	1
ASV_4240	0	0	0	1
ASV_4241	0	0	0	1
ASV_4242	0	0	0	1
ASV_4243	0	0	0	1
ASV_4244	0	0	0	1
ASV_4245	0	0	0	1
ASV_4246	0	0	0	1
ASV_4247	0	0	0	1
ASV_4248	0	0	0	1
ASV_4249	0	0	0	1
ASV_4250	0	0	0	1
ASV_4251	0	0	0	1
ASV_4252	0	0	0	1
ASV_4253	0	0	0	1
ASV_4254	0	0	0	1
ASV_4255	0	0	0	1
ASV_4256	0	0	0	1
ASV_4257	0	0	0	1
ASV_4258	0	0	0	1
ASV_4259	0	0	0	1
ASV_4260	0	0	0	1
ASV_4261	0	0	0	1
ASV_4262	0	0	0	1
ASV_4263	0	0	0	1
ASV_4264	0	0	0	1
ASV_4265	0	0	0	1
ASV_4266	0	0	0	1
ASV_4267	0	0	0	1
ASV_4268	0	0	0	1
ASV_4269	0	0	0	1
ASV_4270	0	0	0	1
ASV_4271	0	0	0	1
ASV_4272	0	0	0	1
ASV_4273	0	0	0	1
ASV_4274	0	0	0	1
ASV_4275	0	0	0	1
ASV_4276	0	0	0	1
ASV_4277	0	0	0	1
ASV_4278	0	0	0	1
ASV_4279	0	0	0	1
ASV_4280	0	0	0	1
ASV_4281	0	0	0	1
ASV_4282	0	0	0	1
ASV_4283	0	0	0	1
ASV_4284	0	0	0	1
ASV_4285	0	0	0	1
ASV_4286	0	0	0	1
ASV_4287	0	0	0	1
ASV_4288	0	0	0	1
ASV_4289	0	0	0	1
ASV_4290	0	0	0	1
ASV_4291	0	0	0	1
ASV_4292	0	0	0	1
ASV_4293	0	0	0	1
ASV_4294	0	0	0	1
ASV_4295	0	0	0	1
ASV_4296	0	0	0	1
ASV_4297	0	0	0	1
ASV_4298	0	0	0	1
ASV_4299	0	0	0	1
ASV_4300	0	0	0	1
ASV_4301	0	0	0	1
ASV_4302	0	0	0	1
ASV_4303	0	0	0	1
ASV_4304	0	0	0	1
ASV_4305	0	0	0	1
ASV_4306	0	0	0	1
ASV_4307	0	0	0	1
ASV_4308	0	0	0	1
ASV_4309	0	0	0	1
ASV_4310	0	0	0	1
ASV_4311	0	0	0	1
ASV_4312	0	0	0	1
ASV_4313	0	0	0	1
ASV_4314	0	0	0	1
ASV_4315	0	0	0	1
ASV_4316	0	0	0	1
ASV_4317	0	0	0	1
ASV_4318	0	0	0	1
ASV_4319	0	0	0	1
ASV_4320	0	0	0	1
ASV_4321	0	0	0	1
ASV_4322	0	0	0	1
ASV_4323	0	0	0	1
ASV_4324	0	0	0	1
ASV_4325	0	0	0	1
ASV_4326	0	0	0	1
ASV_4327	0	0	0	1
ASV_4328	0	0	0	1
ASV_4329	0	0	0	1
ASV_4330	0	0	0	1
ASV_4331	0	0	0	1
ASV_4332	0	0	0	1
ASV_4333	0	0	0	1
ASV_4334	0	0	0	1
ASV_4335	0	0	0	1
ASV_4336	0	0	0	1
ASV_4337	0	0	0	1
ASV_4338	0	0	0	1
ASV_4339	0	0	0	1
ASV_4340	0	0	0	1
ASV_4341	0	0	0	1
ASV_4342	0	0	0	1
ASV_4343	0	0	0	1
ASV_4344	0	0	0	1
ASV_4345	0	0	0	1
ASV_4346	0	0	0	1
ASV_4347	0	0	0	1
ASV_4348	0	0	0	1
ASV_4349	0	0	0	1
ASV_4350	0	0	0	1
ASV_4351	0	0	0	1
ASV_4352	0	0	0	1
ASV_4353	0	0	0	1
ASV_4354	0	0	0	1
ASV_4355	0	0	0	1
ASV_4356	0	0	0	1
ASV_4357	0	0	0	1
ASV_4358	0	0	0	1
ASV_4359	0	0	0	1
ASV_4360	0	0	0	1
ASV_4361	0	0	0	1
ASV_4362	0	0	0	1
ASV_4363	0	0	0	1
ASV_4364	0	0	0	1
ASV_4365	0	0	0	1
ASV_4366	0	0	0	1
ASV_4367	0	0	0	1
ASV_4368	0	0	0	1
ASV_4369	0	0	0	1
ASV_4370	0	0	0	1
ASV_4371	0	0	0	1
ASV_4372	0	0	0	1
ASV_4373	0	0	0	1
ASV_4374	0	0	0	1
ASV_4375	0	0	0	1
ASV_4376	0	0	0	1
ASV_4377	0	0	0	1
ASV_4378	0	0	0	1
ASV_4379	0	0	0	1
ASV_4380	0	0	0	1
ASV_4381	0	0	0	1
ASV_4382	0	0	0	1
ASV_4383	0	0	0	1
ASV_4384	0	0	0	1
ASV_4385	0	0	0	1
ASV_4386	0	0	0	1
ASV_4387	0	0	0	1
ASV_4388	0	0	0	1
ASV_4389	0	0	0	1
ASV_4390	0	0	0	1
ASV_4391	0	0	0	1
ASV_4392	0	0	0	1
ASV_4393	0	0	0	1
ASV_4394	0	0	0	1
ASV_4395	0	0	0	1
ASV_4396	0	0	0	1
ASV_4397	0	0	0	1
ASV_4398	0	0	0	1
ASV_4399	0	0	0	1
ASV_4400	0	0	0	1
ASV_4401	0	0	0	1
ASV_4402	0	0	0	1
ASV_4403	0	0	0	1
ASV_4404	0	0	0	1
ASV_4405	0	0	0	1
ASV_4406	0	0	0	1
ASV_4407	0	0	0	1
ASV_4408	0	0	0	1
ASV_4409	0	0	0	1
ASV_4410	0	0	0	1
ASV_4411	0	0	0	1
ASV_4412	0	0	0	1
ASV_4413	0	0	0	1
ASV_4414	0	0	0	1
ASV_4415	0	0	0	1
ASV_4416	0	0	0	1
ASV_4417	0	0	0	1
ASV_4418	0	0	0	1
ASV_4419	0	0	0	1
ASV_4420	0	0	0	1
ASV_4421	0	0	0	1
ASV_4422	0	0	0	1
ASV_4423	0	0	0	1
ASV_4424	0	0	0	1
ASV_4425	0	0	0	1
ASV_4426	0	0	0	1
ASV_4427	0	0	0	1
ASV_4428	0	0	0	1
ASV_4429	0	0	0	1
ASV_4430	0	0	0	1
ASV_4431	0	0	0	1
ASV_4432	0	0	0	1
ASV_4433	0	0	0	1
ASV_4434	0	0	0	1
ASV_4435	0	0	0	1
ASV_4436	0	0	0	1
ASV_4437	0	0	0	1
ASV_4438	0	0	0	1
ASV_4439	0	0	0	1
ASV_4440	0	0	0	1
ASV_4441	0	0	0	1
ASV_4442	0	0	0	1
ASV_4443	0	0	0	1
ASV_4444	0	0	0	1
ASV_4445	0	0	0	1
ASV_4446	0	0	0	1
ASV_4447	0	0	0	1
ASV_4448	0	0	0	1
ASV_4449	0	0	0	1
ASV_4450	0	0	0	1
ASV_4451	0	0	0	1
ASV_4452	0	0	0	1
ASV_4453	0	0	0	1
ASV_4454	0	0	0	1
ASV_4455	0	0	0	1
ASV_4456	0	0	0	1
ASV_4457	0	0	0	1
ASV_4458	0	0	0	1
ASV_4459	0	0	0	1
ASV_4460	0	0	0	1
ASV_4461	0	0	0	1
ASV_4462	0	0	0	1
ASV_4463	0	0	0	1
ASV_4464	0	0	0	1
ASV_4465	0	0	0	1
ASV_4466	0	0	0	1
ASV_4467	0	0	0	1
ASV_4468	0	0	0	1
ASV_4469	0	0	0	1
ASV_4470	0	0	0	1
ASV_4471	0	0	0	1
ASV_4472	0	0	0	1
ASV_4473	0	0	0	1
ASV_4474	0	0	0	1
ASV_4475	0	0	0	1
ASV_4476	0	0	0	1
ASV_4477	0	0	0	1
ASV_4478	0	0	0	1
ASV_4479	0	0	0	1
ASV_4480	0	0	0	1
ASV_4481	0	0	0	1
ASV_4482	0	0	0	1
ASV_4483	0	0	0	1
ASV_4484	0	0	0	1
ASV_4485	0	0	0	1
ASV_4486	0	0	0	1
ASV_4487	0	0	0	1
ASV_4488	0	0	0	1
ASV_4489	0	0	0	1
ASV_4490	0	0	0	1
ASV_4491	0	0	0	1
ASV_4492	0	0	0	1
ASV_4493	0	0	0	1
ASV_4494	0	0	0	1
ASV_4495	0	0	0	1
ASV_4496	0	0	0	1
ASV_4497	0	0	0	1
ASV_4498	0	0	0	1
ASV_4499	0	0	0	1
ASV_4500	0	0	0	1
ASV_4501	0	0	0	1
ASV_4502	0	0	0	1
ASV_4503	0	0	0	1
ASV_4504	0	0	0	1
ASV_4505	0	0	0	1
ASV_4506	0	0	0	1
ASV_4507	0	0	0	1
ASV_4508	0	0	0	1
ASV_4509	0	0	0	1
ASV_4510	0	0	0	1
ASV_4511	0	0	0	1
ASV_4512	0	0	0	1
ASV_4513	0	0	0	1
ASV_4514	0	0	0	1
ASV_4515	0	0	0	1
ASV_4516	0	0	0	1
ASV_4517	0	0	0	1
ASV_4518	0	0	0	1
ASV_4519	0	0	0	1
ASV_4520	0	0	0	1
ASV_4521	0	0	0	1
ASV_4522	0	0	0	1
ASV_4523	0	0	0	1
ASV_4524	0	0	0	1
ASV_4525	0	0	0	1
ASV_4526	0	0	0	1
ASV_4527	0	0	0	1
ASV_4528	0	0	0	1
ASV_4529	0	0	0	1
ASV_4530	0	0	0	1
ASV_4531	0	0	0	1
ASV_4532	0	0	0	1
ASV_4533	0	0	0	1
ASV_4534	0	0	0	1
ASV_4535	0	0	0	1
ASV_4536	0	0	0	1
ASV_4537	0	0	0	1
ASV_4538	0	0	0	1
ASV_4539	0	0	0	1
ASV_4540	0	0	0	1
ASV_4541	0	0	0	1
ASV_4542	0	0	0	1
ASV_4543	0	0	0	1
ASV_4544	0	0	0	1
ASV_4545	0	0	0	1
ASV_4546	0	0	0	1
ASV_4547	0	0	0	1
ASV_4548	0	0	0	1
ASV_4549	0	0	0	1
ASV_4550	0	0	0	1
ASV_4551	0	0	0	1
ASV_4552	0	0	0	1
ASV_4553	0	0	0	1
ASV_4554	0	0	0	1
ASV_4555	0	0	0	1
ASV_4556	0	0	0	1
ASV_4557	0	0	0	1
ASV_4558	0	0	0	1
ASV_4559	0	0	0	1
ASV_4560	0	0	0	1
